vehicle_id	tour_id	route	ident	lon	lat
0	0	1	1	-79.849642	-6.763449
0	0	1	2	-79.849839	-6.764323
0	0	1	3	-79.850412	-6.763641
0	0	1	4	-79.850886	-6.76389
0	0	1	5	-79.85226	-6.76369
0	0	1	6	-79.852165	-6.76419
0	0	1	7	-79.852199	-6.764849
0	0	1	8	-79.854064	-6.765235
0	0	1	9	-79.854125	-6.763641
0	0	1	10	-79.85454	-6.76329
0	0	1	11	-79.855037	-6.76274
0	0	1	12	-79.854692	-6.762691
0	0	1	13	-79.853616	-6.76289
0	0	1	14	-79.852981	-6.76296
0	0	1	15	-79.852176	-6.763003
0	0	1	16	-79.851571	-6.7631
0	0	1	17	-79.851617	-6.762494
0	0	1	18	-79.851729	-6.7624
0	0	1	19	-79.851388	-6.762114
0	0	1	20	-79.851154	-6.76174
0	0	1	21	-79.851086	-6.76153
0	0	1	22	-79.852217	-6.76112
0	0	1	23	-79.855057	-6.761016
0	0	1	24	-79.852657	-6.7599
0	0	1	25	-79.852642	-6.759883
0	0	1	26	-79.852563	-6.76019
0	0	1	27	-79.851802	-6.760638
0	0	1	28	-79.85133	-6.760553
0	0	1	29	-79.851299	-6.76072
0	0	1	30	-79.851248	-6.761065
0	0	1	31	-79.850857	-6.76115
0	0	1	32	-79.850346	-6.760945
0	0	1	33	-79.850267	-6.761147
0	0	1	34	-79.85047	-6.7617
0	0	1	35	-79.851192	-6.762507
0	0	1	36	-79.851147	-6.762623
0	0	1	37	-79.851363	-6.762722
0	0	1	38	-79.851285	-6.76283
0	0	1	39	-79.85116	-6.76314
0	0	1	40	-79.850602	-6.762942
0	0	1	41	-79.849597	-6.762495
0	0	1	42	-79.849482	-6.762914
0	0	1	43	-79.849067	-6.762716
0	0	1	44	-79.84894	-6.762746
0	0	1	45	-79.848977	-6.76257
0	0	1	46	-79.848002	-6.762242
0	0	1	47	-79.847991	-6.762101
0	0	1	48	-79.846524	-6.762087
0	0	1	49	-79.846439	-6.762101
0	0	1	50	-79.846213	-6.762188
0	0	1	51	-79.846178	-6.76222
0	0	1	52	-79.846161	-6.762256
0	0	1	53	-79.846088	-6.762362
0	0	1	54	-79.846452	-6.76278
0	0	1	55	-79.846464	-6.76313
0	0	1	56	-79.846492	-6.76337
0	1	2	1	-79.847781	-6.76682
0	1	2	2	-79.848105	-6.76671
0	1	2	3	-79.848981	-6.76614
0	1	2	4	-79.849589	-6.76547
0	1	2	5	-79.850109	-6.765103
0	1	2	6	-79.850334	-6.764208
0	1	2	7	-79.849558	-6.764905
0	1	2	8	-79.849413	-6.76532
0	1	2	9	-79.848869	-6.765737
0	1	2	10	-79.84852	-6.76586
0	1	2	11	-79.848187	-6.766163
0	1	2	12	-79.84807	-6.765459
0	1	2	13	-79.847774	-6.765187
0	1	2	14	-79.847444	-6.765124
0	1	2	15	-79.847008	-6.764308
0	1	2	16	-79.847716	-6.764093
0	1	2	17	-79.848592	-6.76405
0	1	2	18	-79.848842	-6.764084
0	1	2	19	-79.8492	-6.76405
0	1	2	20	-79.849341	-6.76412
0	1	2	21	-79.849497	-6.76385
0	1	2	22	-79.849032	-6.763504
0	1	2	23	-79.848764	-6.761891
0	1	2	24	-79.848892	-6.761673
0	1	2	25	-79.849927	-6.76088
0	1	2	26	-79.850249	-6.760969
0	1	2	27	-79.850963	-6.76024
0	1	2	28	-79.850107	-6.75854
0	1	2	29	-79.849822	-6.758119
0	1	2	30	-79.850234	-6.76055
0	1	2	31	-79.848781	-6.761219
0	1	2	32	-79.848442	-6.761271
0	1	2	33	-79.846082	-6.762322
1	0	3	1	-79.856113	-6.762475
1	0	3	2	-79.85605	-6.76176
1	0	3	3	-79.856279	-6.76109
1	0	3	4	-79.856909	-6.76075
1	0	3	5	-79.857079	-6.760871
1	0	3	6	-79.857781	-6.76124
1	0	3	7	-79.857247	-6.76202
1	0	3	8	-79.857116	-6.76238
1	0	3	9	-79.857887	-6.762042
1	0	3	10	-79.858103	-6.762041
1	0	3	11	-79.858482	-6.761386
1	0	3	12	-79.859294	-6.7615
1	0	3	13	-79.859299	-6.761866
1	0	3	14	-79.859347	-6.762043
1	0	3	15	-79.859144	-6.762574
1	0	3	16	-79.8588	-6.763923
1	0	3	17	-79.858661	-6.76417
1	0	3	18	-79.858806	-6.764251
1	0	3	19	-79.859013	-6.76376
1	0	3	20	-79.859711	-6.76248
1	0	3	21	-79.859777	-6.761951
1	0	3	22	-79.860037	-6.761347
1	0	3	23	-79.859201	-6.76027
1	0	3	24	-79.859219	-6.75995
1	0	3	25	-79.859945	-6.75964
1	0	3	26	-79.860302	-6.75958
1	0	3	27	-79.860585	-6.759409
1	0	3	28	-79.861199	-6.759652
1	0	3	29	-79.861101	-6.75838
1	0	3	30	-79.867636	-6.749345
1	0	3	31	-79.867754	-6.748583
1	0	3	32	-79.858687	-6.75934
1	0	3	33	-79.859018	-6.759881
1	0	3	34	-79.858715	-6.760107
1	0	3	35	-79.858615	-6.76006
1	0	3	36	-79.858444	-6.760452
1	0	3	37	-79.857322	-6.760553
1	0	3	38	-79.857304	-6.759881
1	0	3	39	-79.857546	-6.759683
1	0	3	40	-79.856934	-6.759665
1	0	3	41	-79.855185	-6.75992
1	0	3	42	-79.854887	-6.759473
1	1	4	1	-79.854835	-6.75921
1	1	4	2	-79.856651	-6.75875
1	1	4	3	-79.855827	-6.7575
1	1	4	4	-79.854955	-6.757023
1	1	4	5	-79.857493	-6.755833
1	1	4	6	-79.857099	-6.7555
1	1	4	7	-79.857477	-6.755138
1	1	4	8	-79.858384	-6.754324
1	1	4	9	-79.858363	-6.754256
1	1	4	10	-79.859366	-6.75431
1	1	4	11	-79.863858	-6.75288
1	1	4	12	-79.865477	-6.753377
1	1	4	13	-79.865625	-6.751916
1	1	4	14	-79.868437	-6.75152
1	1	4	15	-79.868399	-6.750448
1	1	4	16	-79.867239	-6.750068
1	1	4	17	-79.86629	-6.75022
1	1	4	18	-79.865636	-6.749104
1	1	4	19	-79.865563	-6.75032
1	1	4	20	-79.865311	-6.750466
1	1	4	21	-79.865625	-6.75059
1	1	4	22	-79.865494	-6.751288
1	1	4	23	-79.863609	-6.751298
1	1	4	24	-79.863572	-6.752174
1	1	4	25	-79.863511	-6.752182
1	1	4	26	-79.86088	-6.75333
1	1	4	27	-79.858731	-6.753498
1	1	4	28	-79.858463	-6.75358
1	1	4	29	-79.858279	-6.754028
1	1	4	30	-79.857425	-6.75472
1	1	4	31	-79.856656	-6.754593
1	1	4	32	-79.853798	-6.75535
2	0	5	1	-79.847324	-6.77322
2	0	5	2	-79.847846	-6.77315
2	0	5	3	-79.847406	-6.773658
2	0	5	4	-79.847507	-6.774036
2	0	5	5	-79.848405	-6.774123
2	0	5	6	-79.849392	-6.77415
2	0	5	7	-79.850976	-6.774056
2	0	5	8	-79.85342	-6.77374
2	0	5	9	-79.854192	-6.773852
2	0	5	10	-79.854729	-6.77313
2	0	5	11	-79.854672	-6.772856
2	0	5	12	-79.853533	-6.772869
2	0	5	13	-79.853709	-6.77221
2	0	5	14	-79.853406	-6.772
2	0	5	15	-79.853355	-6.772182
2	0	5	16	-79.852544	-6.7721
2	0	5	17	-79.852356	-6.77193
2	0	5	18	-79.852787	-6.771665
2	0	5	19	-79.852989	-6.77152
2	0	5	20	-79.854145	-6.771427
2	0	5	21	-79.854461	-6.77119
2	0	5	22	-79.854394	-6.77081
2	0	5	23	-79.856443	-6.76855
2	0	5	24	-79.856773	-6.768216
2	0	5	25	-79.857549	-6.767071
2	0	5	26	-79.85708	-6.76669
2	0	5	27	-79.85501	-6.765181
2	0	5	28	-79.855697	-6.76771
2	0	5	29	-79.853922	-6.770886
2	0	5	30	-79.853366	-6.7709
2	0	5	31	-79.852273	-6.77119
2	0	5	32	-79.852254	-6.77106
2	0	5	33	-79.851716	-6.77069
2	0	5	34	-79.851293	-6.770736
2	0	5	35	-79.851329	-6.77122
2	0	5	36	-79.851685	-6.77163
2	0	5	37	-79.851655	-6.771675
2	0	5	38	-79.851455	-6.77187
2	0	5	39	-79.850905	-6.772299
2	0	5	40	-79.846696	-6.768981
2	1	6	1	-79.845917	-6.77038
2	1	6	2	-79.850063	-6.770588
2	1	6	3	-79.849704	-6.76902
2	1	6	4	-79.85222	-6.76808
2	1	6	5	-79.852531	-6.76802
2	1	6	6	-79.853054	-6.76784
2	1	6	7	-79.853212	-6.767543
2	1	6	8	-79.853284	-6.76794
2	1	6	9	-79.854002	-6.767944
2	1	6	10	-79.854151	-6.76763
2	1	6	11	-79.854309	-6.767707
2	1	6	12	-79.854141	-6.768702
2	1	6	13	-79.854457	-6.769469
2	1	6	14	-79.85495	-6.768886
2	1	6	15	-79.856223	-6.768842
2	1	6	16	-79.855454	-6.76774
2	1	6	17	-79.854937	-6.767316
2	1	6	18	-79.855146	-6.76719
2	1	6	19	-79.854919	-6.7669
2	1	6	20	-79.854676	-6.76676
2	1	6	21	-79.854361	-6.767051
2	1	6	22	-79.853869	-6.766748
2	1	6	23	-79.854204	-6.766637
2	1	6	24	-79.854241	-6.76627
2	1	6	25	-79.854401	-6.766069
2	1	6	26	-79.856524	-6.765383
2	1	6	27	-79.856283	-6.765071
2	1	6	28	-79.855012	-6.765345
2	1	6	29	-79.854257	-6.765032
2	1	6	30	-79.854085	-6.765862
2	1	6	31	-79.853829	-6.7656
2	1	6	32	-79.853566	-6.765697
2	1	6	33	-79.853566	-6.765697
2	1	6	34	-79.852923	-6.765438
2	1	6	35	-79.853038	-6.765636
2	1	6	36	-79.85299	-6.765724
2	1	6	37	-79.853014	-6.766597
2	1	6	38	-79.852945	-6.76678
2	1	6	39	-79.852642	-6.76688
2	1	6	40	-79.852594	-6.766809
2	1	6	41	-79.849036	-6.76707
8	0	7	1	-79.868558	-6.880466
8	0	7	2	-79.868848	-6.880324
8	0	7	3	-79.869608	-6.88059
8	0	7	4	-79.871663	-6.88118
8	0	7	5	-79.871864	-6.881572
8	0	7	6	-79.87228	-6.881493
8	0	7	7	-79.87259	-6.881366
8	0	7	8	-79.872624	-6.881616
8	0	7	9	-79.872677	-6.88186
8	0	7	10	-79.872814	-6.88244
8	0	7	11	-79.873232	-6.88245
8	0	7	12	-79.873587	-6.88229
8	0	7	13	-79.873839	-6.883328
8	0	7	14	-79.873847	-6.88355
8	0	7	15	-79.872794	-6.886602
8	0	7	16	-79.872686	-6.88338
8	0	7	17	-79.871849	-6.882947
8	0	7	18	-79.871538	-6.8831
8	0	7	19	-79.871628	-6.883841
8	0	7	20	-79.871598	-6.88409
8	0	7	21	-79.871055	-6.8832
8	0	7	22	-79.871157	-6.88305
8	0	7	23	-79.870559	-6.8823
8	0	7	24	-79.871412	-6.882285
8	0	7	25	-79.871363	-6.88162
8	0	7	26	-79.870895	-6.88147
8	0	7	27	-79.870341	-6.88124
8	0	7	28	-79.870128	-6.881165
8	0	7	29	-79.869693	-6.88137
8	0	7	30	-79.869444	-6.88104
8	0	7	31	-79.869055	-6.881155
8	0	7	32	-79.868291	-6.88115
8	0	7	33	-79.867538	-6.8818
8	0	7	34	-79.867229	-6.881961
8	0	7	35	-79.867789	-6.882451
8	0	7	36	-79.868287	-6.882536
8	0	7	37	-79.868898	-6.882296
8	0	7	38	-79.868965	-6.882106
8	0	7	39	-79.869642	-6.88227
8	0	7	40	-79.869836	-6.882246
8	0	7	41	-79.869732	-6.881934
8	0	7	42	-79.86982	-6.882711
8	0	7	43	-79.868331	-6.882735
8	0	7	44	-79.868	-6.883238
8	0	7	45	-79.868227	-6.884303
8	0	7	46	-79.867697	-6.884035
8	0	7	47	-79.867362	-6.884712
8	0	7	48	-79.868355	-6.88559
8	0	7	49	-79.868069	-6.887602
8	0	7	50	-79.869494	-6.88767
8	0	7	51	-79.869602	-6.887765
8	0	7	52	-79.867143	-6.905553
8	0	7	53	-79.866454	-6.906258
8	0	7	54	-79.865856	-6.90615
8	0	7	55	-79.865233	-6.90598
8	0	7	56	-79.865046	-6.90633
8	0	7	57	-79.863463	-6.90633
8	0	7	58	-79.862929	-6.90605
8	0	7	59	-79.86222	-6.905792
8	0	7	60	-79.861866	-6.905891
8	0	7	61	-79.860416	-6.9061
8	0	7	62	-79.860423	-6.90596
8	0	7	63	-79.860235	-6.90598
8	0	7	64	-79.858297	-6.905569
8	0	7	65	-79.858662	-6.905564
8	0	7	66	-79.859285	-6.90554
8	0	7	67	-79.860099	-6.90543
8	0	7	68	-79.861451	-6.9055
8	0	7	69	-79.861951	-6.90506
8	0	7	70	-79.862099	-6.90478
8	0	7	71	-79.86208	-6.90446
8	0	7	72	-79.862174	-6.90426
8	0	7	73	-79.862273	-6.90418
8	0	7	74	-79.862429	-6.90417
8	0	7	75	-79.862691	-6.9038
8	0	7	76	-79.862759	-6.90464
8	0	7	77	-79.862764	-6.90467
8	0	7	78	-79.863278	-6.90497
8	0	7	79	-79.863638	-6.9043
8	0	7	80	-79.864213	-6.90446
8	0	7	81	-79.863655	-6.90564
8	0	7	82	-79.864297	-6.905862
8	0	7	83	-79.865283	-6.90529
8	0	7	84	-79.865158	-6.90505
8	0	7	85	-79.865956	-6.904901
8	0	7	86	-79.866555	-6.90321
8	0	7	87	-79.864716	-6.88591
8	0	7	88	-79.865572	-6.8843
8	0	7	89	-79.865451	-6.8819
8	0	7	90	-79.864928	-6.880508
8	0	7	91	-79.865443	-6.88068
8	0	7	92	-79.866081	-6.88122
8	0	7	93	-79.866359	-6.881549
8	0	7	94	-79.866655	-6.881114
8	0	7	95	-79.867372	-6.8805
8	0	7	96	-79.867712	-6.88049
9	0	8	1	-79.86907	-6.8775
9	0	8	2	-79.868659	-6.87763
9	0	8	3	-79.868763	-6.878176
9	0	8	4	-79.86886	-6.878174
9	0	8	5	-79.868219	-6.878582
9	0	8	6	-79.869053	-6.878732
9	0	8	7	-79.869205	-6.87819
9	0	8	8	-79.86963	-6.8779
9	0	8	9	-79.869848	-6.87759
9	0	8	10	-79.869632	-6.8767
9	0	8	11	-79.869948	-6.87663
9	0	8	12	-79.870331	-6.87647
9	0	8	13	-79.871497	-6.8754
9	0	8	14	-79.871869	-6.875401
9	0	8	15	-79.872394	-6.87564
9	0	8	16	-79.872596	-6.874937
9	0	8	17	-79.872391	-6.87468
9	0	8	18	-79.872266	-6.87463
9	0	8	19	-79.873413	-6.873597
9	0	8	20	-79.873618	-6.873993
9	0	8	21	-79.873657	-6.874033
9	0	8	22	-79.873776	-6.87436
9	0	8	23	-79.873634	-6.87441
9	0	8	24	-79.873673	-6.87562
9	0	8	25	-79.872441	-6.87622
9	0	8	26	-79.871988	-6.876663
9	0	8	27	-79.871871	-6.87666
9	0	8	28	-79.871815	-6.876696
9	0	8	29	-79.871551	-6.87691
9	0	8	30	-79.871456	-6.87699
9	0	8	31	-79.871474	-6.87728
9	0	8	32	-79.871565	-6.877353
9	0	8	33	-79.871647	-6.877358
9	0	8	34	-79.87196	-6.87737
9	0	8	35	-79.872029	-6.87736
9	0	8	36	-79.872387	-6.87707
9	0	8	37	-79.872382	-6.87759
9	0	8	38	-79.872491	-6.877479
9	0	8	39	-79.872532	-6.877379
9	0	8	40	-79.872902	-6.877385
9	0	8	41	-79.873483	-6.877399
9	0	8	42	-79.872869	-6.87835
9	0	8	43	-79.872445	-6.8785
9	0	8	44	-79.872146	-6.87833
9	0	8	45	-79.872	-6.878343
9	0	8	46	-79.871624	-6.878374
9	0	8	47	-79.871594	-6.8789
9	0	8	48	-79.871886	-6.87882
9	0	8	49	-79.872134	-6.87914
9	0	8	50	-79.87236	-6.878891
9	0	8	51	-79.872722	-6.879046
9	0	8	52	-79.872775	-6.87905
9	0	8	53	-79.872792	-6.879035
9	0	8	54	-79.873267	-6.87905
9	0	8	55	-79.873434	-6.879187
9	0	8	56	-79.872555	-6.879881
9	0	8	57	-79.872522	-6.879905
9	0	8	58	-79.872386	-6.87968
9	0	8	59	-79.8723	-6.879841
9	0	8	60	-79.872013	-6.87968
9	0	8	61	-79.87167	-6.879843
9	0	8	62	-79.871562	-6.88017
9	0	8	63	-79.872535	-6.8807
9	0	8	64	-79.87193	-6.880637
9	0	8	65	-79.871089	-6.880695
9	0	8	66	-79.870764	-6.88051
9	0	8	67	-79.870413	-6.879898
9	0	8	68	-79.870763	-6.879142
9	0	8	69	-79.870969	-6.87916
9	0	8	70	-79.871051	-6.87894
9	0	8	71	-79.871042	-6.878328
9	0	8	72	-79.871008	-6.878409
9	0	8	73	-79.870774	-6.878454
9	0	8	74	-79.87041	-6.87754
9	0	8	75	-79.869712	-6.87871
9	0	8	76	-79.869718	-6.87891
9	0	8	77	-79.869615	-6.87917
9	0	8	78	-79.869341	-6.87933
9	0	8	79	-79.869179	-6.87917
9	0	8	80	-79.868671	-6.87918
9	0	8	81	-79.868449	-6.879182
9	0	8	82	-79.868338	-6.87927
9	0	8	83	-79.868093	-6.87951
9	0	8	84	-79.868114	-6.87963
9	0	8	85	-79.868401	-6.879933
9	0	8	86	-79.867842	-6.88001
9	0	8	87	-79.867078	-6.879497
9	0	8	88	-79.866926	-6.879483
9	0	8	89	-79.866404	-6.87925
9	0	8	90	-79.865468	-6.87925
9	0	8	91	-79.86541	-6.87902
9	0	8	92	-79.867285	-6.879093
9	0	8	93	-79.868084	-6.8788
9	0	8	94	-79.868096	-6.878642
9	0	8	95	-79.867943	-6.878431
9	0	8	96	-79.868067	-6.878332
9	0	8	97	-79.867977	-6.87723
9	0	8	98	-79.867957	-6.877047
9	0	8	99	-79.867944	-6.87703
10	0	9	1	-79.874326	-6.873124
10	0	9	2	-79.874172	-6.873293
10	0	9	3	-79.874123	-6.87432
10	0	9	4	-79.874125	-6.87447
10	0	9	5	-79.874098	-6.874764
10	0	9	6	-79.873783	-6.87497
10	0	9	7	-79.873786	-6.874993
10	0	9	8	-79.873731	-6.875379
10	0	9	9	-79.874167	-6.875772
10	0	9	10	-79.875535	-6.87556
10	0	9	11	-79.874288	-6.87669
10	0	9	12	-79.874197	-6.8767
10	0	9	13	-79.87369	-6.87705
10	0	9	14	-79.873681	-6.87715
10	0	9	15	-79.873787	-6.87759
10	0	9	16	-79.87367	-6.87777
10	0	9	17	-79.873749	-6.877853
10	0	9	18	-79.874009	-6.87836
10	0	9	19	-79.874283	-6.87825
10	0	9	20	-79.874401	-6.87836
10	0	9	21	-79.874599	-6.878122
10	0	9	22	-79.874398	-6.87732
10	0	9	23	-79.874632	-6.87751
10	0	9	24	-79.874663	-6.87778
10	0	9	25	-79.874981	-6.87826
10	0	9	26	-79.875034	-6.878443
10	0	9	27	-79.875411	-6.87823
10	0	9	28	-79.875591	-6.878253
10	0	9	29	-79.875758	-6.878271
10	0	9	30	-79.875896	-6.87823
10	0	9	31	-79.875879	-6.87834
10	0	9	32	-79.875683	-6.878836
10	0	9	33	-79.875715	-6.879156
10	0	9	34	-79.876129	-6.879428
10	0	9	35	-79.875488	-6.87969
10	0	9	36	-79.874694	-6.87969
10	0	9	37	-79.873989	-6.87918
10	0	9	38	-79.873753	-6.879162
10	0	9	39	-79.873828	-6.87946
10	0	9	40	-79.873422	-6.8797
10	0	9	41	-79.873896	-6.880188
10	0	9	42	-79.873684	-6.880375
10	0	9	43	-79.87375	-6.88044
10	0	9	44	-79.873606	-6.88079
10	0	9	45	-79.873844	-6.882423
10	0	9	46	-79.874094	-6.882355
10	0	9	47	-79.87436	-6.88244
10	0	9	48	-79.874534	-6.88243
10	0	9	49	-79.87481	-6.883538
10	0	9	50	-79.875002	-6.88211
10	0	9	51	-79.874941	-6.88086
10	0	9	52	-79.874818	-6.880265
10	0	9	53	-79.875984	-6.880368
10	0	9	54	-79.876093	-6.8805
10	0	9	55	-79.876426	-6.88034
10	0	9	56	-79.876454	-6.88009
10	0	9	57	-79.877141	-6.879896
10	0	9	58	-79.877283	-6.8798
10	0	9	59	-79.877607	-6.88033
10	0	9	60	-79.878307	-6.880222
10	0	9	61	-79.87848	-6.87995
10	0	9	62	-79.878641	-6.88029
10	0	9	63	-79.879557	-6.880151
10	0	9	64	-79.915051	-6.88388
10	0	9	65	-79.917136	-6.883915
10	0	9	66	-79.917575	-6.883693
10	0	9	67	-79.917947	-6.883882
10	0	9	68	-79.91808	-6.8841
10	0	9	69	-79.91831	-6.884052
10	0	9	70	-79.918593	-6.88418
10	0	9	71	-79.918753	-6.884045
10	0	9	72	-79.918684	-6.883961
10	0	9	73	-79.918122	-6.88371
10	0	9	74	-79.91833	-6.88363
10	0	9	75	-79.918797	-6.88288
10	0	9	76	-79.918491	-6.88264
10	0	9	77	-79.918206	-6.882733
10	0	9	78	-79.918245	-6.882254
10	0	9	79	-79.918676	-6.88168
10	0	9	80	-79.918186	-6.88199
10	0	9	81	-79.917724	-6.88181
10	0	9	82	-79.917707	-6.88204
10	0	9	83	-79.917735	-6.88293
10	0	9	84	-79.915944	-6.88194
10	0	9	85	-79.915614	-6.881845
10	0	9	86	-79.915606	-6.881616
10	0	9	87	-79.916887	-6.88091
10	0	9	88	-79.91758	-6.880446
10	0	9	89	-79.918604	-6.8797
10	0	9	90	-79.918753	-6.879736
10	0	9	91	-79.918163	-6.878389
10	0	9	92	-79.917484	-6.87848
10	0	9	93	-79.917859	-6.87786
10	0	9	94	-79.918045	-6.877035
10	0	9	95	-79.916829	-6.87714
10	0	9	96	-79.916887	-6.876977
11	0	10	1	-79.920367	-6.88405
11	0	10	2	-79.920433	-6.88387
11	0	10	3	-79.920453	-6.883787
11	0	10	4	-79.920558	-6.883858
11	0	10	5	-79.920655	-6.883407
11	0	10	6	-79.921022	-6.883388
11	0	10	7	-79.921534	-6.88325
11	0	10	8	-79.921858	-6.88236
11	0	10	9	-79.922619	-6.880832
11	0	10	10	-79.92314	-6.880668
11	0	10	11	-79.923402	-6.878982
11	0	10	12	-79.924033	-6.877831
11	0	10	13	-79.924047	-6.87547
11	0	10	14	-79.923178	-6.87521
11	0	10	15	-79.922974	-6.87497
11	0	10	16	-79.922959	-6.875141
11	0	10	17	-79.922626	-6.87531
11	0	10	18	-79.923159	-6.87589
11	0	10	19	-79.923126	-6.876054
11	0	10	20	-79.924396	-6.87565
11	0	10	21	-79.924529	-6.871819
11	0	10	22	-79.925362	-6.87184
11	0	10	23	-79.926547	-6.871975
11	0	10	24	-79.926405	-6.87242
11	0	10	25	-79.925905	-6.872141
11	0	10	26	-79.926337	-6.87269
11	0	10	27	-79.926741	-6.87237
11	0	10	28	-79.926647	-6.873
11	0	10	29	-79.92672	-6.873201
11	0	10	30	-79.926626	-6.8735
11	0	10	31	-79.926167	-6.87336
11	0	10	32	-79.92449	-6.878202
11	0	10	33	-79.924112	-6.87805
11	0	10	34	-79.92396	-6.87846
11	0	10	35	-79.923221	-6.88001
11	0	10	36	-79.923036	-6.88033
11	0	10	37	-79.922906	-6.880536
11	0	10	38	-79.922668	-6.87975
11	0	10	39	-79.922725	-6.878512
11	0	10	40	-79.922453	-6.878545
11	0	10	41	-79.922491	-6.8787
11	0	10	42	-79.922039	-6.878953
11	0	10	43	-79.921143	-6.87891
11	0	10	44	-79.921518	-6.88
11	0	10	45	-79.921596	-6.88001
11	0	10	46	-79.921662	-6.88003
11	0	10	47	-79.921715	-6.880018
11	0	10	48	-79.92134	-6.880411
11	0	10	49	-79.920717	-6.880039
11	0	10	50	-79.919708	-6.879601
11	0	10	51	-79.919238	-6.88008
11	0	10	52	-79.919099	-6.87999
11	0	10	53	-79.919122	-6.87985
11	0	10	54	-79.918925	-6.879208
11	0	10	55	-79.919124	-6.877945
11	0	10	56	-79.918731	-6.876232
11	0	10	57	-79.919607	-6.875651
11	0	10	58	-79.921189	-6.8773
11	0	10	59	-79.921458	-6.87766
11	0	10	60	-79.921528	-6.877654
11	0	10	61	-79.921759	-6.877525
11	0	10	62	-79.920377	-6.877467
11	0	10	63	-79.920008	-6.88004
11	0	10	64	-79.920431	-6.88068
11	0	10	65	-79.920405	-6.880804
11	0	10	66	-79.92041	-6.880809
11	0	10	67	-79.920133	-6.880959
11	0	10	68	-79.919807	-6.881377
11	0	10	69	-79.920913	-6.88153
11	0	10	70	-79.920951	-6.88068
11	0	10	71	-79.921014	-6.881049
11	0	10	72	-79.921281	-6.8811
11	0	10	73	-79.921093	-6.881933
11	0	10	74	-79.921143	-6.882088
11	0	10	75	-79.921104	-6.88231
11	0	10	76	-79.921447	-6.88236
11	0	10	77	-79.921545	-6.88273
11	0	10	78	-79.921019	-6.88295
11	0	10	79	-79.920755	-6.882447
11	0	10	80	-79.920702	-6.882297
11	0	10	81	-79.920672	-6.88219
11	0	10	82	-79.920267	-6.882223
11	0	10	83	-79.92024	-6.88223
11	0	10	84	-79.920286	-6.882584
11	0	10	85	-79.919983	-6.882556
11	0	10	86	-79.919808	-6.882634
11	0	10	87	-79.919301	-6.88244
11	0	10	88	-79.918926	-6.88292
11	0	10	89	-79.918944	-6.88275
11	0	10	90	-79.919125	-6.88216
11	0	10	91	-79.919599	-6.88281
11	0	10	92	-79.919663	-6.882919
11	0	10	93	-79.919479	-6.882999
11	0	10	94	-79.919867	-6.88331
11	0	10	95	-79.919522	-6.88365
11	0	10	96	-79.919518	-6.88372
12	0	11	1	-79.867049	-6.90691
12	0	11	2	-79.866573	-6.907985
12	0	11	3	-79.866558	-6.908405
12	0	11	4	-79.866459	-6.9096
12	0	11	5	-79.866455	-6.9097
12	0	11	6	-79.866195	-6.91021
12	0	11	7	-79.866767	-6.90956
12	0	11	8	-79.867762	-6.90847
12	0	11	9	-79.867481	-6.90765
12	0	11	10	-79.867712	-6.90712
12	0	11	11	-79.867599	-6.90703
12	0	11	12	-79.867061	-6.90757
12	0	11	13	-79.866182	-6.90762
12	0	11	14	-79.866201	-6.90801
12	0	11	15	-79.865995	-6.90851
12	0	11	16	-79.865432	-6.90868
12	0	11	17	-79.86539	-6.90795
12	0	11	18	-79.865366	-6.90755
12	0	11	19	-79.864606	-6.90776
12	0	11	20	-79.864196	-6.90788
12	0	11	21	-79.864051	-6.90788
12	0	11	22	-79.863504	-6.90793
12	0	11	23	-79.863291	-6.90887
12	0	11	24	-79.863541	-6.90884
12	0	11	25	-79.863809	-6.90949
12	0	11	26	-79.864407	-6.909507
12	0	11	27	-79.864722	-6.909821
12	0	11	28	-79.864916	-6.90973
12	0	11	29	-79.864831	-6.90989
12	0	11	30	-79.864613	-6.91099
12	0	11	31	-79.867178	-6.91239
12	0	11	32	-79.867144	-6.91286
12	0	11	33	-79.867789	-6.92393
12	0	11	34	-79.868145	-6.92395
12	0	11	35	-79.868263	-6.92408
12	0	11	36	-79.867597	-6.924764
12	0	11	37	-79.868356	-6.92497
12	0	11	38	-79.868614	-6.925511
12	0	11	39	-79.868443	-6.92575
12	0	11	40	-79.868019	-6.92571
12	0	11	41	-79.86777	-6.92668
12	0	11	42	-79.867337	-6.9264
12	0	11	43	-79.866717	-6.92664
12	0	11	44	-79.867328	-6.926874
12	0	11	45	-79.867632	-6.927432
12	0	11	46	-79.867976	-6.9274
12	0	11	47	-79.86799	-6.92725
12	0	11	48	-79.868256	-6.92744
12	0	11	49	-79.86861	-6.927289
12	0	11	50	-79.868771	-6.927404
12	0	11	51	-79.868631	-6.927894
12	0	11	52	-79.867923	-6.92845
12	0	11	53	-79.867995	-6.92914
12	0	11	54	-79.866356	-6.92984
12	0	11	55	-79.867174	-6.929
12	0	11	56	-79.867105	-6.92864
12	0	11	57	-79.867214	-6.9286
12	0	11	58	-79.867305	-6.927896
12	0	11	59	-79.867084	-6.927318
12	0	11	60	-79.866979	-6.92736
12	0	11	61	-79.866757	-6.927344
12	0	11	62	-79.866711	-6.92735
12	0	11	63	-79.865548	-6.927375
12	0	11	64	-79.865046	-6.926886
12	0	11	65	-79.861171	-6.927389
12	0	11	66	-79.86159	-6.926853
12	0	11	67	-79.862747	-6.926756
12	0	11	68	-79.866246	-6.925815
12	0	11	69	-79.866343	-6.92508
12	0	11	70	-79.866469	-6.92339
12	0	11	71	-79.865068	-6.91225
12	0	11	72	-79.864743	-6.911987
12	0	11	73	-79.863919	-6.91216
12	0	11	74	-79.862606	-6.91167
12	0	11	75	-79.862604	-6.91152
12	0	11	76	-79.862585	-6.91073
12	0	11	77	-79.861424	-6.910206
12	0	11	78	-79.861671	-6.90952
12	0	11	79	-79.861422	-6.908976
12	0	11	80	-79.861623	-6.908241
12	0	11	81	-79.861805	-6.908086
12	0	11	82	-79.859604	-6.91001
12	0	11	83	-79.859159	-6.909151
12	0	11	84	-79.860139	-6.90733
12	0	11	85	-79.85926	-6.906699
12	0	11	86	-79.859035	-6.906589
12	0	11	87	-79.861064	-6.906479
12	0	11	88	-79.861306	-6.90654
12	0	11	89	-79.862132	-6.90704
12	0	11	90	-79.862885	-6.90699
12	0	11	91	-79.862885	-6.90679
12	0	11	92	-79.865029	-6.906918
12	0	11	93	-79.865958	-6.90675
21	0	12	1	-79.809089	-6.84454
21	0	12	2	-79.812806	-6.84653
21	0	12	3	-79.813908	-6.847373
21	0	12	4	-79.816066	-6.8468
21	0	12	5	-79.818271	-6.84717
21	0	12	6	-79.818707	-6.84713
21	0	12	7	-79.818949	-6.84712
21	0	12	8	-79.820312	-6.84656
21	0	12	9	-79.820547	-6.84722
21	0	12	10	-79.823221	-6.84796
21	0	12	11	-79.823715	-6.84715
21	0	12	12	-79.825254	-6.84706
21	0	12	13	-79.824513	-6.84837
21	0	12	14	-79.825796	-6.84839
21	0	12	15	-79.825921	-6.85041
21	0	12	16	-79.827321	-6.849987
21	0	12	17	-79.826921	-6.850776
21	0	12	18	-79.827293	-6.851142
21	0	12	19	-79.826493	-6.852378
21	0	12	20	-79.8214	-6.862309
21	0	12	21	-79.82043	-6.86236
21	0	12	22	-79.820246	-6.86218
21	0	12	23	-79.81992	-6.86235
21	0	12	24	-79.819116	-6.86386
21	0	12	25	-79.818761	-6.86405
21	0	12	26	-79.818458	-6.86422
21	0	12	27	-79.818508	-6.864679
21	0	12	28	-79.817675	-6.864699
21	0	12	29	-79.817456	-6.86493
21	0	12	30	-79.817541	-6.865097
21	0	12	31	-79.817551	-6.865535
21	0	12	32	-79.817477	-6.865601
21	0	12	33	-79.818069	-6.86573
21	0	12	34	-79.819033	-6.86535
21	0	12	35	-79.819039	-6.86523
21	0	12	36	-79.819039	-6.86513
21	0	12	37	-79.819037	-6.8647
21	0	12	38	-79.819316	-6.86485
21	0	12	39	-79.819965	-6.86527
21	0	12	40	-79.819961	-6.865461
21	0	12	41	-79.819915	-6.866044
21	0	12	42	-79.819941	-6.86607
21	0	12	43	-79.82022	-6.86572
21	0	12	44	-79.821197	-6.86575
21	0	12	45	-79.821025	-6.867062
21	0	12	46	-79.820509	-6.867642
21	0	12	47	-79.819916	-6.86717
21	0	12	48	-79.818669	-6.86697
21	0	12	49	-79.81845	-6.866666
21	0	12	50	-79.817853	-6.86693
21	0	12	51	-79.817658	-6.866964
21	0	12	52	-79.817047	-6.87299
21	0	12	53	-79.818135	-6.87429
21	0	12	54	-79.818999	-6.874646
21	0	12	55	-79.818022	-6.87537
21	0	12	56	-79.815473	-6.879291
21	0	12	57	-79.815612	-6.877142
21	0	12	58	-79.8147	-6.87273
21	0	12	59	-79.816944	-6.86918
21	0	12	60	-79.817061	-6.868078
21	0	12	61	-79.816882	-6.86665
21	0	12	62	-79.816889	-6.866427
21	0	12	63	-79.81674	-6.86561
21	0	12	64	-79.815772	-6.86558
21	0	12	65	-79.813919	-6.86506
21	0	12	66	-79.814058	-6.86474
21	0	12	67	-79.813653	-6.86343
21	0	12	68	-79.813318	-6.86292
21	0	12	69	-79.813021	-6.86269
21	0	12	70	-79.812644	-6.86216
21	0	12	71	-79.813148	-6.861628
21	0	12	72	-79.814855	-6.863743
21	0	12	73	-79.814837	-6.86408
21	0	12	74	-79.814924	-6.864272
21	0	12	75	-79.815405	-6.86315
21	0	12	76	-79.815857	-6.86321
21	0	12	77	-79.816525	-6.863764
21	0	12	78	-79.816808	-6.864574
21	0	12	79	-79.816972	-6.86479
21	0	12	80	-79.81694	-6.864521
21	0	12	81	-79.81705	-6.864543
21	0	12	82	-79.817328	-6.864052
21	0	12	83	-79.817353	-6.862634
21	0	12	84	-79.816777	-6.86282
21	0	12	85	-79.816911	-6.862493
21	0	12	86	-79.816635	-6.86235
21	0	12	87	-79.817323	-6.8614
21	0	12	88	-79.817527	-6.86061
21	0	12	89	-79.817532	-6.86018
21	0	12	90	-79.817417	-6.85933
21	0	12	91	-79.816534	-6.85815
21	0	12	92	-79.815206	-6.859036
21	0	12	93	-79.815077	-6.858726
22	0	13	1	-79.829829	-6.80412
22	0	13	2	-79.829708	-6.804902
22	0	13	3	-79.829677	-6.806901
22	0	13	4	-79.829549	-6.807776
22	0	13	5	-79.829633	-6.808254
22	0	13	6	-79.831367	-6.816738
22	0	13	7	-79.830371	-6.83399
22	0	13	8	-79.829101	-6.83503
22	0	13	9	-79.832263	-6.83664
22	0	13	10	-79.830844	-6.84073
22	0	13	11	-79.829025	-6.843256
22	0	13	12	-79.809839	-6.839851
22	0	13	13	-79.809762	-6.839529
22	0	13	14	-79.809561	-6.839312
22	0	13	15	-79.828729	-6.829108
22	0	13	16	-79.829165	-6.82625
22	0	13	17	-79.829774	-6.824735
22	0	13	18	-79.829169	-6.82352
22	0	13	19	-79.829817	-6.82055
22	0	13	20	-79.828451	-6.82018
22	0	13	21	-79.828845	-6.81709
22	0	13	22	-79.828289	-6.81507
22	0	13	23	-79.829169	-6.8145
22	0	13	24	-79.82983	-6.81443
22	0	13	25	-79.830127	-6.814201
22	0	13	26	-79.82887	-6.81409
22	0	13	27	-79.826749	-6.806625
22	0	13	28	-79.826154	-6.806516
22	0	13	29	-79.8255	-6.806028
22	0	13	30	-79.825613	-6.805898
22	0	13	31	-79.826873	-6.806178
22	0	13	32	-79.827512	-6.806056
22	0	13	33	-79.828992	-6.805815
22	0	13	34	-79.831411	-6.805242
22	0	13	35	-79.832011	-6.805872
22	0	13	36	-79.833051	-6.807044
22	0	13	37	-79.832424	-6.807151
22	0	13	38	-79.832298	-6.809142
22	0	13	39	-79.837926	-6.813848
22	0	13	40	-79.837973	-6.81414
22	0	13	41	-79.838324	-6.813926
22	0	13	42	-79.837614	-6.812604
22	0	13	43	-79.836031	-6.81135
22	0	13	44	-79.835064	-6.811186
22	0	13	45	-79.834802	-6.811024
22	0	13	46	-79.835421	-6.8107
22	0	13	47	-79.834224	-6.80708
22	0	13	48	-79.83478	-6.80658
22	0	13	49	-79.833445	-6.806183
22	0	13	50	-79.833155	-6.80432
22	0	13	51	-79.833349	-6.8043
22	0	13	52	-79.834059	-6.80455
22	0	13	53	-79.834713	-6.80394
22	0	13	54	-79.834946	-6.80288
22	0	13	55	-79.835659	-6.80266
22	0	13	56	-79.835745	-6.802568
22	0	13	57	-79.835936	-6.80239
22	0	13	58	-79.83589	-6.80192
22	0	13	59	-79.83585	-6.80136
22	0	13	60	-79.835684	-6.80146
22	0	13	61	-79.835419	-6.8012
22	0	13	62	-79.834981	-6.80125
22	0	13	63	-79.834165	-6.80075
22	0	13	64	-79.83379	-6.800581
22	0	13	65	-79.833853	-6.80206
22	0	13	66	-79.834765	-6.8022
22	0	13	67	-79.83678	-6.803504
22	0	13	68	-79.838418	-6.8037
22	0	13	69	-79.837989	-6.80308
22	0	13	70	-79.838565	-6.8025
22	0	13	71	-79.838134	-6.802443
22	0	13	72	-79.837663	-6.80248
22	0	13	73	-79.837619	-6.80343
22	0	13	74	-79.837254	-6.80466
22	0	13	75	-79.836996	-6.804862
22	0	13	76	-79.837138	-6.806047
22	0	13	77	-79.836451	-6.80624
22	0	13	78	-79.836102	-6.80567
22	0	13	79	-79.836325	-6.805481
22	0	13	80	-79.836624	-6.80495
22	0	13	81	-79.836177	-6.803905
22	0	13	82	-79.835283	-6.80339
22	0	13	83	-79.835196	-6.803264
22	0	13	84	-79.835162	-6.803167
22	0	13	85	-79.833299	-6.80355
22	0	13	86	-79.832623	-6.802598
22	0	13	87	-79.832097	-6.80183
22	0	13	88	-79.831866	-6.802415
22	0	13	89	-79.83185	-6.802659
22	0	13	90	-79.830546	-6.803796
22	0	13	91	-79.830657	-6.802716
23	0	14	1	-79.832685	-6.792728
23	0	14	2	-79.832966	-6.792257
23	0	14	3	-79.83388	-6.79208
23	0	14	4	-79.834409	-6.792209
23	0	14	5	-79.83518	-6.792208
23	0	14	6	-79.836591	-6.79363
23	0	14	7	-79.836538	-6.79386
23	0	14	8	-79.83633	-6.793959
23	0	14	9	-79.83688	-6.794754
23	0	14	10	-79.83774	-6.79487
23	0	14	11	-79.838536	-6.79505
23	0	14	12	-79.838574	-6.79506
23	0	14	13	-79.839056	-6.79532
23	0	14	14	-79.839276	-6.7952
23	0	14	15	-79.839487	-6.79525
23	0	14	16	-79.839942	-6.794577
23	0	14	17	-79.840235	-6.79393
23	0	14	18	-79.840577	-6.793916
23	0	14	19	-79.839725	-6.7956
23	0	14	20	-79.839561	-6.79643
23	0	14	21	-79.838755	-6.796522
23	0	14	22	-79.838538	-6.79696
23	0	14	23	-79.838134	-6.79803
23	0	14	24	-79.838925	-6.79817
23	0	14	25	-79.839136	-6.79822
23	0	14	26	-79.838866	-6.79873
23	0	14	27	-79.837603	-6.799387
23	0	14	28	-79.837	-6.79992
23	0	14	29	-79.836964	-6.799949
23	0	14	30	-79.837161	-6.800271
23	0	14	31	-79.83535	-6.80102
23	0	14	32	-79.835114	-6.80065
23	0	14	33	-79.835062	-6.80079
23	0	14	34	-79.836929	-6.8016
23	0	14	35	-79.83813	-6.80179
23	0	14	36	-79.838855	-6.801623
23	0	14	37	-79.8391	-6.79971
23	0	14	38	-79.839103	-6.799687
23	0	14	39	-79.839746	-6.798155
23	0	14	40	-79.8394	-6.7974
23	0	14	41	-79.839616	-6.79718
23	0	14	42	-79.838492	-6.797015
23	0	14	43	-79.837997	-6.79609
23	0	14	44	-79.83792	-6.79644
23	0	14	45	-79.837544	-6.796689
23	0	14	46	-79.837766	-6.797203
23	0	14	47	-79.837547	-6.798099
23	0	14	48	-79.837421	-6.798569
23	0	14	49	-79.837382	-6.798009
23	0	14	50	-79.836568	-6.798011
23	0	14	51	-79.835257	-6.798172
23	0	14	52	-79.835236	-6.7984
23	0	14	53	-79.835129	-6.798777
23	0	14	54	-79.834419	-6.79826
23	0	14	55	-79.834787	-6.79751
23	0	14	56	-79.834163	-6.797132
23	0	14	57	-79.833641	-6.797539
23	0	14	58	-79.833502	-6.798208
23	0	14	59	-79.833523	-6.7992
23	0	14	60	-79.832531	-6.799568
23	0	14	61	-79.832389	-6.79913
23	0	14	62	-79.832559	-6.79836
23	0	14	63	-79.832742	-6.79753
23	0	14	64	-79.832537	-6.79757
23	0	14	65	-79.831852	-6.797504
23	0	14	66	-79.832089	-6.796724
23	0	14	67	-79.831777	-6.79645
23	0	14	68	-79.831573	-6.79567
23	0	14	69	-79.832277	-6.795253
23	0	14	70	-79.832339	-6.79617
23	0	14	71	-79.832972	-6.796712
23	0	14	72	-79.833873	-6.79648
23	0	14	73	-79.834505	-6.796305
23	0	14	74	-79.834175	-6.795386
23	0	14	75	-79.834232	-6.795352
23	0	14	76	-79.834313	-6.794609
23	0	14	77	-79.833384	-6.79447
23	0	14	78	-79.833965	-6.79405
23	0	14	79	-79.834452	-6.793953
23	0	14	80	-79.83492	-6.79427
23	0	14	81	-79.834819	-6.79542
23	0	14	82	-79.836047	-6.79507
23	0	14	83	-79.835654	-6.795553
23	0	14	84	-79.835687	-6.79679
23	0	14	85	-79.835665	-6.797235
23	0	14	86	-79.835823	-6.79731
23	0	14	87	-79.837063	-6.797589
23	0	14	88	-79.837417	-6.797587
23	0	14	89	-79.836698	-6.796456
23	0	14	90	-79.837001	-6.795938
23	0	14	91	-79.837146	-6.795319
23	0	14	92	-79.837508	-6.7937
23	0	14	93	-79.836714	-6.79308
23	0	14	94	-79.836548	-6.792895
23	0	14	95	-79.836225	-6.792888
23	0	14	96	-79.835632	-6.79271
23	0	14	97	-79.834388	-6.79244
23	0	14	98	-79.834335	-6.79242
23	0	14	99	-79.834279	-6.79241
23	0	14	100	-79.83422	-6.7924
23	0	14	101	-79.834166	-6.79164
24	0	15	1	-79.833387	-6.785665
24	0	15	2	-79.833364	-6.78671
24	0	15	3	-79.833947	-6.788894
24	0	15	4	-79.834217	-6.78925
24	0	15	5	-79.834759	-6.78889
24	0	15	6	-79.83461	-6.78979
24	0	15	7	-79.834311	-6.79
24	0	15	8	-79.835863	-6.79189
24	0	15	9	-79.834823	-6.791527
24	0	15	10	-79.834161	-6.791262
24	0	15	11	-79.834086	-6.79118
24	0	15	12	-79.833739	-6.791162
24	0	15	13	-79.832956	-6.791167
24	0	15	14	-79.833848	-6.789235
24	0	15	15	-79.833753	-6.788681
24	0	15	16	-79.833587	-6.788519
24	0	15	17	-79.833519	-6.78739
24	0	15	18	-79.833978	-6.787438
24	0	15	19	-79.834434	-6.7873
24	0	15	20	-79.833957	-6.786654
24	0	15	21	-79.83473	-6.78581
24	0	15	22	-79.834753	-6.78576
24	0	15	23	-79.835407	-6.785565
24	0	15	24	-79.835281	-6.786039
24	0	15	25	-79.834672	-6.78686
24	0	15	26	-79.834852	-6.78706
24	0	15	27	-79.835654	-6.788025
24	0	15	28	-79.836024	-6.78633
24	0	15	29	-79.836196	-6.785578
24	0	15	30	-79.836235	-6.785455
24	0	15	31	-79.83869	-6.786244
24	0	15	32	-79.849875	-6.753517
24	0	15	33	-79.852781	-6.75347
24	0	15	34	-79.853293	-6.753093
24	0	15	35	-79.85219	-6.75231
24	0	15	36	-79.8524	-6.752203
24	0	15	37	-79.853341	-6.752005
24	0	15	38	-79.853969	-6.751525
24	0	15	39	-79.855128	-6.749444
24	0	15	40	-79.856243	-6.74957
24	0	15	41	-79.856106	-6.74996
24	0	15	42	-79.856239	-6.750385
24	0	15	43	-79.85578	-6.751925
24	0	15	44	-79.857015	-6.75124
24	0	15	45	-79.857259	-6.75179
24	0	15	46	-79.858177	-6.752576
24	0	15	47	-79.859191	-6.752702
24	0	15	48	-79.857975	-6.74874
24	0	15	49	-79.859182	-6.74848
24	0	15	50	-79.860137	-6.74862
24	0	15	51	-79.858734	-6.74754
24	0	15	52	-79.857608	-6.747781
24	0	15	53	-79.856029	-6.744364
24	0	15	54	-79.855971	-6.744246
24	0	15	55	-79.856268	-6.741704
24	0	15	56	-79.855782	-6.743377
24	0	15	57	-79.855674	-6.745433
24	0	15	58	-79.856415	-6.747748
24	0	15	59	-79.855994	-6.74902
24	0	15	60	-79.855443	-6.74898
24	0	15	61	-79.854839	-6.748958
24	0	15	62	-79.853659	-6.749605
24	0	15	63	-79.853271	-6.74861
24	0	15	64	-79.853101	-6.749207
24	0	15	65	-79.85272	-6.7492
24	0	15	66	-79.852102	-6.74934
24	0	15	67	-79.851999	-6.74992
24	0	15	68	-79.85257	-6.75036
24	0	15	69	-79.851158	-6.750599
24	0	15	70	-79.850446	-6.75097
24	0	15	71	-79.8502	-6.75079
24	0	15	72	-79.846952	-6.75053
24	0	15	73	-79.846375	-6.750187
24	0	15	74	-79.844324	-6.747784
24	0	15	75	-79.846403	-6.748711
24	0	15	76	-79.848525	-6.748272
24	0	15	77	-79.849886	-6.74794
24	0	15	78	-79.849873	-6.74772
24	0	15	79	-79.851149	-6.747662
24	0	15	80	-79.849163	-6.74608
24	0	15	81	-79.847768	-6.74623
24	0	15	82	-79.847046	-6.74783
24	0	15	83	-79.846909	-6.7482
24	0	15	84	-79.846576	-6.748442
24	0	15	85	-79.84636	-6.74824
24	0	15	86	-79.845625	-6.7481
24	0	15	87	-79.845123	-6.747905
24	0	15	88	-79.844387	-6.746668
24	0	15	89	-79.844703	-6.746383
24	0	15	90	-79.844931	-6.74527
24	0	15	91	-79.8443	-6.74505
24	0	15	92	-79.843147	-6.74365
24	0	15	93	-79.842446	-6.74549
25	0	16	1	-79.827796	-6.849671
25	0	16	2	-79.829105	-6.850372
25	0	16	3	-79.835751	-6.853608
25	0	16	4	-79.836374	-6.853871
25	0	16	5	-79.838587	-6.8546
25	0	16	6	-79.83808	-6.854879
25	0	16	7	-79.83747	-6.85509
25	0	16	8	-79.85862	-6.866702
25	0	16	9	-79.867105	-6.87075
25	0	16	10	-79.867435	-6.86987
25	0	16	11	-79.868351	-6.870809
25	0	16	12	-79.867926	-6.87079
25	0	16	13	-79.868013	-6.87134
25	0	16	14	-79.867119	-6.87191
25	0	16	15	-79.8682	-6.87353
25	0	16	16	-79.868609	-6.87369
25	0	16	17	-79.868462	-6.87486
25	0	16	18	-79.868755	-6.87465
25	0	16	19	-79.868867	-6.87465
25	0	16	20	-79.870032	-6.87264
25	0	16	21	-79.869923	-6.86945
25	0	16	22	-79.869866	-6.86918
25	0	16	23	-79.869517	-6.86903
25	0	16	24	-79.870084	-6.866191
25	0	16	25	-79.870001	-6.86548
25	0	16	26	-79.86986	-6.86413
25	0	16	27	-79.869833	-6.864
25	0	16	28	-79.869886	-6.864516
25	0	16	29	-79.870648	-6.865328
25	0	16	30	-79.870786	-6.86536
25	0	16	31	-79.870783	-6.866269
25	0	16	32	-79.8709	-6.86636
25	0	16	33	-79.870767	-6.86643
25	0	16	34	-79.87144	-6.86701
25	0	16	35	-79.871454	-6.86718
25	0	16	36	-79.871667	-6.86755
25	0	16	37	-79.872656	-6.870752
25	0	16	38	-79.875096	-6.871716
25	0	16	39	-79.87431	-6.872141
25	0	16	40	-79.873233	-6.873275
25	0	16	41	-79.873168	-6.873304
25	0	16	42	-79.87279	-6.873629
25	0	16	43	-79.872376	-6.87407
25	0	16	44	-79.871451	-6.87457
25	0	16	45	-79.871161	-6.87349
25	0	16	46	-79.87104	-6.87365
25	0	16	47	-79.870319	-6.875361
25	0	16	48	-79.869664	-6.87538
25	0	16	49	-79.869278	-6.87554
25	0	16	50	-79.868773	-6.87525
25	0	16	51	-79.868088	-6.874795
25	0	16	52	-79.868106	-6.87497
25	0	16	53	-79.868123	-6.876592
25	0	16	54	-79.868797	-6.876444
25	0	16	55	-79.866479	-6.87582
25	0	16	56	-79.865184	-6.875278
25	0	16	57	-79.86334	-6.8728
25	0	16	58	-79.865029	-6.87367
25	0	16	59	-79.865385	-6.87364
25	0	16	60	-79.865245	-6.874319
25	0	16	61	-79.865978	-6.87435
25	0	16	62	-79.866428	-6.87448
25	0	16	63	-79.867029	-6.87572
25	0	16	64	-79.867654	-6.87533
25	0	16	65	-79.867323	-6.874389
25	0	16	66	-79.86716	-6.87294
25	0	16	67	-79.867091	-6.87262
25	0	16	68	-79.866919	-6.87192
25	0	16	69	-79.858525	-6.866863
25	0	16	70	-79.858181	-6.866499
25	0	16	71	-79.858491	-6.867018
25	0	16	72	-79.857944	-6.867179
25	0	16	73	-79.858032	-6.867227
25	0	16	74	-79.858038	-6.867333
25	0	16	75	-79.858532	-6.867575
25	0	16	76	-79.85735	-6.867542
25	0	16	77	-79.856333	-6.86602
25	0	16	78	-79.855913	-6.865721
25	0	16	79	-79.855826	-6.866167
25	0	16	80	-79.854962	-6.865506
25	0	16	81	-79.850485	-6.866297
25	0	16	82	-79.85087	-6.864686
25	0	16	83	-79.849684	-6.864922
25	0	16	84	-79.841415	-6.857415
25	0	16	85	-79.840206	-6.856412
25	0	16	86	-79.83881	-6.85657
25	0	16	87	-79.837993	-6.85657
25	0	16	88	-79.837408	-6.855449
25	0	16	89	-79.836845	-6.855202
25	0	16	90	-79.830673	-6.851236
25	0	16	91	-79.82889	-6.85101
