vehicle_id	tour_id	route	ident	lon	lat
0	0	1	1	-79.829225	-6.7736
0	0	1	2	-79.829434	-6.77337
0	0	1	3	-79.829251	-6.7712
0	0	1	4	-79.830673	-6.77104
0	0	1	5	-79.831371	-6.76962
0	0	1	6	-79.831651	-6.769765
0	0	1	7	-79.832534	-6.76956
0	0	1	8	-79.832725	-6.768377
0	0	1	9	-79.832496	-6.76859
0	0	1	10	-79.832218	-6.768345
0	0	1	11	-79.831901	-6.76825
0	0	1	12	-79.831872	-6.768185
0	0	1	13	-79.831897	-6.76721
0	0	1	14	-79.830822	-6.7671
0	0	1	15	-79.830341	-6.767132
0	0	1	16	-79.829989	-6.76705
0	0	1	17	-79.829865	-6.767151
0	0	1	18	-79.829899	-6.76728
0	0	1	19	-79.830135	-6.767977
0	0	1	20	-79.829122	-6.768669
0	0	1	21	-79.828153	-6.76834
0	0	1	22	-79.827775	-6.76831
0	0	1	23	-79.826975	-6.768275
0	0	1	24	-79.826789	-6.7686
0	0	1	25	-79.826408	-6.768624
0	0	1	26	-79.826502	-6.768694
0	0	1	27	-79.827734	-6.769373
0	0	1	28	-79.827674	-6.77006
0	0	1	29	-79.828316	-6.770012
0	0	1	30	-79.828506	-6.769664
0	0	1	31	-79.828976	-6.76999
0	0	1	32	-79.829387	-6.76998
0	0	1	33	-79.829495	-6.770377
0	0	1	34	-79.829884	-6.770373
0	0	1	35	-79.829434	-6.77346
0	0	1	36	-79.829431	-6.7735
0	0	1	37	-79.829387	-6.77375
0	0	1	38	-79.829595	-6.773968
0	0	1	39	-79.829695	-6.774353
0	1	2	1	-79.829369	-6.773482
0	1	2	2	-79.830213	-6.77219
0	1	2	3	-79.829637	-6.772076
0	1	2	4	-79.828846	-6.772102
0	1	2	5	-79.829885	-6.77171
0	1	2	6	-79.82922	-6.77166
0	1	2	7	-79.829844	-6.769075
0	1	2	8	-79.829847	-6.768899
0	1	2	9	-79.829826	-6.768675
0	1	2	10	-79.829826	-6.768675
0	1	2	11	-79.829608	-6.768077
0	1	2	12	-79.829159	-6.76761
0	1	2	13	-79.827948	-6.76678
0	1	2	14	-79.828307	-6.76811
0	1	2	15	-79.830825	-6.768058
0	1	2	16	-79.831904	-6.76839
0	1	2	17	-79.830191	-6.76871
0	1	2	18	-79.830249	-6.768823
0	1	2	19	-79.828905	-6.770807
0	1	2	20	-79.830053	-6.77064
0	1	2	21	-79.829707	-6.77333
1	0	3	1	-79.856133	-6.773633
1	0	3	2	-79.856798	-6.77361
1	0	3	3	-79.859186	-6.772332
1	0	3	4	-79.859308	-6.772181
1	0	3	5	-79.858742	-6.77242
1	0	3	6	-79.857025	-6.77223
1	0	3	7	-79.856312	-6.77142
1	0	3	8	-79.855762	-6.771824
1	0	3	9	-79.855836	-6.772237
1	0	3	10	-79.85574	-6.77261
1	0	3	11	-79.8559	-6.77381
1	0	3	12	-79.856055	-6.774309
1	0	3	13	-79.856166	-6.77482
1	0	3	14	-79.856221	-6.775157
1	0	3	15	-79.856845	-6.7751
1	0	3	16	-79.856644	-6.77505
1	0	3	17	-79.856114	-6.77596
1	0	3	18	-79.856291	-6.776306
1	0	3	19	-79.856776	-6.776441
1	0	3	20	-79.858442	-6.77689
1	0	3	21	-79.858466	-6.77708
1	0	3	22	-79.858005	-6.77725
1	0	3	23	-79.858398	-6.7772
1	0	3	24	-79.859014	-6.777278
1	0	3	25	-79.859479	-6.77766
1	0	3	26	-79.85952	-6.77698
1	0	3	27	-79.859478	-6.77609
1	0	3	28	-79.859128	-6.774826
1	0	3	29	-79.858789	-6.77485
1	0	3	30	-79.858724	-6.773266
1	0	3	31	-79.85868	-6.77594
1	0	3	32	-79.857786	-6.77568
1	0	3	33	-79.856826	-6.77579
1	0	3	34	-79.856041	-6.77577
1	0	3	35	-79.856123	-6.776078
1	0	3	36	-79.856216	-6.776906
1	0	3	37	-79.857074	-6.777331
1	0	3	38	-79.857047	-6.77676
1	0	3	39	-79.856935	-6.77662
1	0	3	40	-79.856736	-6.77696
1	1	4	1	-79.860038	-6.766089
1	1	4	2	-79.859657	-6.76592
1	1	4	3	-79.859812	-6.765162
1	1	4	4	-79.856134	-6.769661
1	1	4	5	-79.856391	-6.769349
1	1	4	6	-79.857148	-6.768631
1	1	4	7	-79.857272	-6.769507
1	1	4	8	-79.858744	-6.767214
1	1	4	9	-79.859527	-6.76731
1	1	4	10	-79.859523	-6.767207
1	1	4	11	-79.859831	-6.77022
1	1	4	12	-79.858844	-6.770007
1	1	4	13	-79.859041	-6.77008
1	1	4	14	-79.85884	-6.77008
1	1	4	15	-79.858273	-6.770046
1	1	4	16	-79.857847	-6.77124
1	1	4	17	-79.858052	-6.774561
1	1	4	18	-79.859	-6.77453
1	1	4	19	-79.858947	-6.77643
1	1	4	20	-79.857356	-6.77712
2	0	5	1	-79.829937	-6.766513
2	0	5	2	-79.829699	-6.76593
2	0	5	3	-79.829616	-6.765742
2	0	5	4	-79.82863	-6.76503
2	0	5	5	-79.829022	-6.76499
2	0	5	6	-79.829268	-6.765067
2	0	5	7	-79.829597	-6.76511
2	0	5	8	-79.829682	-6.764881
2	0	5	9	-79.829872	-6.76396
2	0	5	10	-79.829702	-6.76394
2	0	5	11	-79.829855	-6.76372
2	0	5	12	-79.829859	-6.76364
2	0	5	13	-79.829645	-6.763591
2	0	5	14	-79.829644	-6.76353
2	0	5	15	-79.829878	-6.763511
2	0	5	16	-79.82963	-6.763331
2	0	5	17	-79.831597	-6.76448
2	0	5	18	-79.831074	-6.763844
2	0	5	19	-79.829947	-6.763301
2	0	5	20	-79.828708	-6.762869
2	0	5	21	-79.828569	-6.763027
2	0	5	22	-79.828577	-6.763131
2	0	5	23	-79.828573	-6.763763
2	0	5	24	-79.828561	-6.763369
2	0	5	25	-79.828207	-6.763985
2	0	5	26	-79.82844	-6.76556
2	0	5	27	-79.828272	-6.765656
2	0	5	28	-79.828292	-6.765929
2	0	5	29	-79.828438	-6.765563
2	0	5	30	-79.82823	-6.76539
2	0	5	31	-79.82829	-6.764944
2	0	5	32	-79.828146	-6.76488
2	0	5	33	-79.827731	-6.76464
2	0	5	34	-79.829025	-6.764389
2	0	5	35	-79.829502	-6.76429
2	1	6	1	-79.83269	-6.766693
2	1	6	2	-79.833296	-6.7663
2	1	6	3	-79.833091	-6.766609
2	1	6	4	-79.8327	-6.766216
2	1	6	5	-79.83326	-6.765338
2	1	6	6	-79.833663	-6.76528
2	1	6	7	-79.833804	-6.765462
2	1	6	8	-79.833715	-6.76557
2	1	6	9	-79.833211	-6.76502
2	1	6	10	-79.83321	-6.764771
2	1	6	11	-79.83363	-6.76458
2	1	6	12	-79.832435	-6.763725
2	1	6	13	-79.831959	-6.763732
2	1	6	14	-79.831443	-6.763821
2	1	6	15	-79.831707	-6.76424
2	1	6	16	-79.83189	-6.764388
2	1	6	17	-79.83208	-6.765474
2	1	6	18	-79.831602	-6.766987
2	1	6	19	-79.830074	-6.766198
3	0	7	1	-79.831371	-6.775316
3	0	7	2	-79.831625	-6.77542
3	0	7	3	-79.833112	-6.776224
3	0	7	4	-79.833616	-6.77617
3	0	7	5	-79.855313	-6.776344
3	0	7	6	-79.855219	-6.77635
3	0	7	7	-79.835827	-6.773775
3	0	7	8	-79.835725	-6.773763
3	0	7	9	-79.835656	-6.773757
3	0	7	10	-79.834717	-6.773579
3	0	7	11	-79.834682	-6.773456
3	0	7	12	-79.833744	-6.773466
3	0	7	13	-79.834083	-6.773084
3	0	7	14	-79.834072	-6.77302
3	0	7	15	-79.832305	-6.7725
3	0	7	16	-79.832496	-6.7724
3	0	7	17	-79.833295	-6.77252
3	0	7	18	-79.834473	-6.772679
3	0	7	19	-79.834528	-6.77321
3	0	7	20	-79.834809	-6.7727
3	0	7	21	-79.836004	-6.7735
3	0	7	22	-79.8338	-6.774026
3	0	7	23	-79.833628	-6.774146
3	0	7	24	-79.833653	-6.775156
3	0	7	25	-79.833562	-6.775298
3	0	7	26	-79.833331	-6.775089
3	0	7	27	-79.832032	-6.774811
3	0	7	28	-79.831919	-6.774977
3	0	7	29	-79.831523	-6.775296
3	0	7	30	-79.831456	-6.77478
3	0	7	31	-79.831102	-6.774823
3	1	8	1	-79.832032	-6.77179
3	1	8	2	-79.832976	-6.77183
3	1	8	3	-79.854946	-6.77246
3	1	8	4	-79.85529	-6.772259
3	1	8	5	-79.854722	-6.771205
3	1	8	6	-79.832778	-6.77122
3	1	8	7	-79.83236	-6.77098
3	1	8	8	-79.83217	-6.773111
3	1	8	9	-79.831829	-6.77413
3	1	8	10	-79.832064	-6.774065
3	1	8	11	-79.832017	-6.77361
3	1	8	12	-79.8321	-6.774889
3	1	8	13	-79.832056	-6.774894
3	1	8	14	-79.831868	-6.775104
3	1	8	15	-79.832203	-6.775188
3	1	8	16	-79.832081	-6.775472
3	1	8	17	-79.832345	-6.77573
3	1	8	18	-79.832368	-6.77589
3	1	8	19	-79.832735	-6.776267
3	1	8	20	-79.833275	-6.776156
3	1	8	21	-79.833373	-6.7762
3	2	9	1	-79.833826	-6.776113
3	2	9	2	-79.835948	-6.77367
3	2	9	3	-79.855586	-6.77068
3	2	9	4	-79.855122	-6.77151
3	2	9	5	-79.854741	-6.771932
3	2	9	6	-79.854842	-6.77225
3	2	9	7	-79.854886	-6.773743
4	0	10	1	-79.865884	-6.771885
4	0	10	2	-79.866482	-6.77169
4	0	10	3	-79.86695	-6.771542
4	0	10	4	-79.86689	-6.771611
4	0	10	5	-79.868762	-6.771504
4	0	10	6	-79.868332	-6.77107
4	0	10	7	-79.867696	-6.770895
4	0	10	8	-79.866824	-6.77233
4	0	10	9	-79.865997	-6.773487
4	0	10	10	-79.86575	-6.775085
4	0	10	11	-79.866085	-6.77539
4	0	10	12	-79.866411	-6.775424
4	0	10	13	-79.866415	-6.77656
4	0	10	14	-79.866167	-6.77639
4	0	10	15	-79.866191	-6.77629
4	0	10	16	-79.865706	-6.776795
4	0	10	17	-79.865699	-6.77686
4	0	10	18	-79.865462	-6.777389
4	0	10	19	-79.866365	-6.7779
4	0	10	20	-79.867394	-6.778769
4	0	10	21	-79.867909	-6.778966
4	0	10	22	-79.868037	-6.77971
4	0	10	23	-79.867281	-6.77927
4	0	10	24	-79.866882	-6.779009
4	0	10	25	-79.866532	-6.779257
4	0	10	26	-79.866311	-6.77851
4	0	10	27	-79.865908	-6.779365
4	0	10	28	-79.865707	-6.77942
4	0	10	29	-79.866508	-6.78012
4	0	10	30	-79.868197	-6.780224
4	0	10	31	-79.868041	-6.78014
4	0	10	32	-79.867421	-6.78035
4	0	10	33	-79.867303	-6.78038
4	0	10	34	-79.867177	-6.78037
4	0	10	35	-79.866601	-6.78124
4	0	10	36	-79.865761	-6.78075
4	0	10	37	-79.865839	-6.780808
4	1	11	1	-79.868396	-6.77603
4	1	11	2	-79.868104	-6.77608
4	1	11	3	-79.868097	-6.775611
4	1	11	4	-79.868874	-6.7732
4	1	11	5	-79.86905	-6.772973
4	1	11	6	-79.86855	-6.77196
4	1	11	7	-79.867416	-6.773
4	1	11	8	-79.868695	-6.772659
4	1	11	9	-79.8699	-6.772254
4	1	11	10	-79.869559	-6.77195
4	1	11	11	-79.870785	-6.77248
4	1	11	12	-79.869661	-6.77289
4	1	11	13	-79.869517	-6.77296
4	1	11	14	-79.868866	-6.774062
4	1	11	15	-79.868509	-6.774283
4	1	11	16	-79.867009	-6.775598
4	1	11	17	-79.866181	-6.77396
4	1	11	18	-79.865789	-6.77373
4	1	11	19	-79.865648	-6.77373
4	1	11	20	-79.86452	-6.77392
4	1	11	21	-79.859912	-6.772137
4	1	11	22	-79.859922	-6.77177
4	2	12	1	-79.868773	-6.77883
4	2	12	2	-79.870561	-6.778196
5	0	13	1	-79.860867	-6.77309
5	0	13	2	-79.860709	-6.772797
5	0	13	3	-79.862108	-6.773041
5	0	13	4	-79.861659	-6.77325
5	0	13	5	-79.861798	-6.773269
5	0	13	6	-79.861897	-6.77342
5	0	13	7	-79.862307	-6.773466
5	0	13	8	-79.861438	-6.773455
5	0	13	9	-79.861	-6.77322
5	0	13	10	-79.860918	-6.77323
5	0	13	11	-79.860949	-6.773309
5	0	13	12	-79.861078	-6.774382
5	0	13	13	-79.862728	-6.774536
5	0	13	14	-79.862763	-6.775218
5	0	13	15	-79.862443	-6.77505
5	0	13	16	-79.862433	-6.77481
5	0	13	17	-79.861875	-6.774771
5	0	13	18	-79.860853	-6.774792
5	0	13	19	-79.860545	-6.77426
5	0	13	20	-79.860808	-6.7758
5	0	13	21	-79.860579	-6.77729
5	0	13	22	-79.860162	-6.77702
5	0	13	23	-79.859519	-6.77752
5	0	13	24	-79.860325	-6.77812
5	0	13	25	-79.860451	-6.77797
5	0	13	26	-79.861288	-6.777622
5	0	13	27	-79.861316	-6.777775
5	0	13	28	-79.861292	-6.77789
5	0	13	29	-79.860813	-6.77795
5	0	13	30	-79.860601	-6.77822
5	0	13	31	-79.860642	-6.778688
5	0	13	32	-79.861175	-6.779013
5	0	13	33	-79.861978	-6.777945
5	0	13	34	-79.863423	-6.779027
5	0	13	35	-79.863941	-6.779199
5	0	13	36	-79.864219	-6.7791
5	0	13	37	-79.864291	-6.77901
5	0	13	38	-79.863799	-6.77744
5	0	13	39	-79.864284	-6.777289
5	0	13	40	-79.864299	-6.777203
5	0	13	41	-79.86449	-6.77721
5	0	13	42	-79.864814	-6.77642
5	0	13	43	-79.864409	-6.77632
5	0	13	44	-79.865128	-6.776767
5	0	13	45	-79.864572	-6.776787
5	0	13	46	-79.864253	-6.77684
5	0	13	47	-79.863691	-6.77662
5	0	13	48	-79.863718	-6.777047
5	0	13	49	-79.862647	-6.777471
5	0	13	50	-79.862425	-6.77727
5	0	13	51	-79.862105	-6.77677
5	0	13	52	-79.862163	-6.776762
5	0	13	53	-79.861848	-6.77656
5	0	13	54	-79.861512	-6.77659
5	0	13	55	-79.86039	-6.77644
6	0	14	1	-79.867626	-6.770495
6	0	14	2	-79.867765	-6.770106
6	0	14	3	-79.867914	-6.76951
6	0	14	4	-79.867912	-6.769491
6	0	14	5	-79.867275	-6.76905
6	0	14	6	-79.866601	-6.769255
6	0	14	7	-79.865871	-6.76993
6	0	14	8	-79.867289	-6.767852
6	0	14	9	-79.865605	-6.766517
6	0	14	10	-79.865145	-6.76624
6	0	14	11	-79.862625	-6.7656
6	0	14	12	-79.863015	-6.76546
6	0	14	13	-79.863044	-6.765781
6	0	14	14	-79.863021	-6.76558
6	0	14	15	-79.862973	-6.76533
6	0	14	16	-79.862904	-6.76517
6	0	14	17	-79.8638	-6.76485
6	0	14	18	-79.863881	-6.76395
6	0	14	19	-79.863937	-6.76417
6	0	14	20	-79.863986	-6.7646
6	0	14	21	-79.864385	-6.76433
6	0	14	22	-79.864746	-6.76485
6	0	14	23	-79.865468	-6.764419
6	0	14	24	-79.865575	-6.764815
6	0	14	25	-79.865662	-6.765434
6	0	14	26	-79.865706	-6.76584
6	0	14	27	-79.866704	-6.767454
6	0	14	28	-79.868579	-6.76738
6	0	14	29	-79.867427	-6.76587
6	0	14	30	-79.86828	-6.76645
6	0	14	31	-79.868822	-6.767349
6	0	14	32	-79.869081	-6.767403
6	0	14	33	-79.869169	-6.767195
6	0	14	34	-79.869526	-6.76679
6	0	14	35	-79.868537	-6.765981
6	0	14	36	-79.868609	-6.766557
6	0	14	37	-79.867375	-6.7705
6	0	14	38	-79.8668	-6.770398
6	0	14	39	-79.866756	-6.77064
6	0	14	40	-79.86645	-6.77061
6	0	14	41	-79.865096	-6.769999
6	0	14	42	-79.862987	-6.77194
6	0	14	43	-79.860586	-6.77162
6	1	15	1	-79.861844	-6.76528
6	1	15	2	-79.861459	-6.765237
6	1	15	3	-79.861421	-6.76532
6	1	15	4	-79.861405	-6.765702
6	1	15	5	-79.861516	-6.766056
6	1	15	6	-79.863825	-6.76521
6	1	15	7	-79.863802	-6.76487
6	1	15	8	-79.865793	-6.765307
6	1	15	9	-79.866473	-6.76519
6	1	15	10	-79.866697	-6.76601
6	1	15	11	-79.865421	-6.766992
6	1	15	12	-79.8641	-6.76956
6	1	15	13	-79.863335	-6.7703
6	1	15	14	-79.863167	-6.77033
6	1	15	15	-79.863292	-6.769745
7	0	16	1	-79.868848	-6.770537
7	0	16	2	-79.868893	-6.77017
7	0	16	3	-79.868863	-6.769961
7	0	16	4	-79.868451	-6.769696
7	0	16	5	-79.868617	-6.769826
7	0	16	6	-79.871309	-6.76965
7	0	16	7	-79.871424	-6.770361
7	0	16	8	-79.87108	-6.77026
7	0	16	9	-79.871572	-6.77088
7	0	16	10	-79.871424	-6.772039
7	0	16	11	-79.87164	-6.77178
7	0	16	12	-79.87228	-6.77034
7	0	16	13	-79.871849	-6.769927
7	0	16	14	-79.870033	-6.769995
7	0	16	15	-79.869693	-6.769644
7	0	16	16	-79.869457	-6.770024
7	0	16	17	-79.869179	-6.77005
7	0	16	18	-79.869207	-6.770945
7	0	16	19	-79.870441	-6.77208
7	0	16	20	-79.8708	-6.77072
7	0	16	21	-79.870837	-6.77202
7	0	16	22	-79.87089	-6.77242
7	0	16	23	-79.870948	-6.772349
7	0	16	24	-79.872363	-6.77226
7	0	16	25	-79.87232	-6.7717
7	0	16	26	-79.873366	-6.77216
7	0	16	27	-79.873816	-6.772272
7	0	16	28	-79.873688	-6.76991
7	0	16	29	-79.87362	-6.76935
7	0	16	30	-79.873811	-6.769762
7	0	16	31	-79.874062	-6.77202
7	0	16	32	-79.874048	-6.772434
7	0	16	33	-79.871205	-6.77275
7	1	17	1	-79.877421	-6.771216
7	1	17	2	-79.875786	-6.77005
7	1	17	3	-79.875678	-6.770303
7	1	17	4	-79.876442	-6.770789
7	1	17	5	-79.876107	-6.7708
7	1	17	6	-79.875846	-6.77121
7	1	17	7	-79.87554	-6.77096
7	1	17	8	-79.875533	-6.770533
7	1	17	9	-79.87491	-6.76991
7	1	17	10	-79.874837	-6.77014
7	1	17	11	-79.873865	-6.76991
7	1	17	12	-79.874117	-6.772433
7	1	17	13	-79.874214	-6.77318
7	1	17	14	-79.874165	-6.773241
7	1	17	15	-79.874672	-6.773295
7	1	17	16	-79.874192	-6.77305
7	1	17	17	-79.872972	-6.77018
7	1	17	18	-79.87347	-6.76889
7	1	17	19	-79.870551	-6.767223
7	1	17	20	-79.869907	-6.76725
7	1	17	21	-79.869326	-6.76767
7	1	17	22	-79.869965	-6.76764
7	1	17	23	-79.870769	-6.76992
7	1	17	24	-79.87036	-6.77024
7	1	17	25	-79.869901	-6.77055
7	1	17	26	-79.869526	-6.77076
8	0	18	1	-79.893331	-6.703771
8	0	18	2	-79.895663	-6.71098
8	0	18	3	-79.895869	-6.71091
8	0	18	4	-79.898167	-6.71165
8	0	18	5	-79.897862	-6.71178
8	0	18	6	-79.897046	-6.71165
8	0	18	7	-79.897282	-6.712438
8	0	18	8	-79.89696	-6.71251
8	0	18	9	-79.896681	-6.712101
8	0	18	10	-79.897631	-6.71221
8	0	18	11	-79.897718	-6.71283
8	0	18	12	-79.897155	-6.713586
8	0	18	13	-79.898684	-6.714397
8	0	18	14	-79.899691	-6.713997
8	0	18	15	-79.899805	-6.713564
8	0	18	16	-79.900479	-6.712915
8	0	18	17	-79.900758	-6.71237
8	0	18	18	-79.900757	-6.71236
8	0	18	19	-79.900851	-6.71222
8	0	18	20	-79.901002	-6.71194
8	0	18	21	-79.901013	-6.71189
8	0	18	22	-79.901202	-6.711927
8	0	18	23	-79.901031	-6.71176
8	0	18	24	-79.901138	-6.71169
8	0	18	25	-79.901154	-6.71098
8	0	18	26	-79.901164	-6.71163
8	0	18	27	-79.901572	-6.710913
8	0	18	28	-79.901881	-6.71045
8	0	18	29	-79.901803	-6.70998
8	0	18	30	-79.899835	-6.709274
8	0	18	31	-79.900349	-6.709409
8	0	18	32	-79.902003	-6.70815
8	0	18	33	-79.902246	-6.70765
8	0	18	34	-79.902725	-6.70722
8	0	18	35	-79.903502	-6.70747
8	0	18	36	-79.902994	-6.70895
8	0	18	37	-79.905527	-6.705357
8	0	18	38	-79.906749	-6.70333
8	0	18	39	-79.907505	-6.703496
8	0	18	40	-79.907661	-6.7037
8	0	18	41	-79.907823	-6.70383
8	0	18	42	-79.908699	-6.703431
8	0	18	43	-79.908854	-6.70295
8	0	18	44	-79.908268	-6.703254
8	0	18	45	-79.908384	-6.7042
8	0	18	46	-79.908093	-6.70525
8	0	18	47	-79.911636	-6.706061
8	0	18	48	-79.911835	-6.705922
8	0	18	49	-79.912003	-6.70595
8	0	18	50	-79.912586	-6.70601
8	0	18	51	-79.913303	-6.70616
8	0	18	52	-79.913769	-6.7062
8	0	18	53	-79.913662	-6.706604
8	0	18	54	-79.913706	-6.705423
8	0	18	55	-79.913626	-6.705247
8	0	18	56	-79.912485	-6.70522
8	0	18	57	-79.912839	-6.705528
8	0	18	58	-79.912545	-6.70639
8	0	18	59	-79.914118	-6.70869
8	0	18	60	-79.911663	-6.707824
8	0	18	61	-79.909061	-6.705362
8	0	18	62	-79.907058	-6.706231
8	0	18	63	-79.906971	-6.705994
8	0	18	64	-79.907211	-6.705666
8	0	18	65	-79.906041	-6.705763
8	0	18	66	-79.905388	-6.70388
8	0	18	67	-79.904017	-6.71069
8	0	18	68	-79.89994	-6.714095
9	0	19	1	-79.83407	-6.75972
9	0	19	2	-79.834035	-6.75947
9	0	19	3	-79.833981	-6.759245
9	0	19	4	-79.83399	-6.75924
9	0	19	5	-79.833994	-6.75917
9	0	19	6	-79.832543	-6.751167
9	0	19	7	-79.832505	-6.749446
9	0	19	8	-79.832487	-6.74781
9	0	19	9	-79.832483	-6.747866
9	0	19	10	-79.831785	-6.74813
9	0	19	11	-79.831535	-6.74706
9	0	19	12	-79.83158	-6.74705
9	0	19	13	-79.831873	-6.74746
9	0	19	14	-79.832035	-6.74741
9	0	19	15	-79.83252	-6.74728
9	0	19	16	-79.832491	-6.74609
9	0	19	17	-79.832377	-6.74566
9	0	19	18	-79.832313	-6.74544
9	0	19	19	-79.831164	-6.74349
9	0	19	20	-79.832732	-6.744719
9	0	19	21	-79.833558	-6.744423
9	0	19	22	-79.835105	-6.74454
9	0	19	23	-79.834303	-6.74239
9	0	19	24	-79.834937	-6.743145
9	0	19	25	-79.838964	-6.737137
9	0	19	26	-79.839299	-6.737013
9	0	19	27	-79.83404	-6.759548
9	0	19	28	-79.863414	-6.75765
9	0	19	29	-79.863023	-6.75845
9	0	19	30	-79.863318	-6.758555
9	0	19	31	-79.863285	-6.75855
9	0	19	32	-79.863123	-6.75909
9	0	19	33	-79.862668	-6.75908
9	0	19	34	-79.863839	-6.760111
9	0	19	35	-79.864125	-6.7593
9	0	19	36	-79.864896	-6.75964
9	0	19	37	-79.864721	-6.76022
9	0	19	38	-79.864622	-6.76012
9	0	19	39	-79.865856	-6.759106
9	0	19	40	-79.866353	-6.75956
9	0	19	41	-79.865562	-6.75958
9	0	19	42	-79.865429	-6.75984
9	0	19	43	-79.865886	-6.760326
9	0	19	44	-79.865314	-6.759924
9	0	19	45	-79.865014	-6.76056
9	0	19	46	-79.86459	-6.761207
9	0	19	47	-79.86459	-6.761207
9	0	19	48	-79.865571	-6.76114
9	0	19	49	-79.865213	-6.76082
9	0	19	50	-79.864827	-6.76152
9	0	19	51	-79.864449	-6.762495
9	0	19	52	-79.865571	-6.762616
9	0	19	53	-79.865875	-6.76302
9	0	19	54	-79.865417	-6.763192
9	0	19	55	-79.864879	-6.763239
9	0	19	56	-79.864911	-6.763363
9	0	19	57	-79.864467	-6.76316
9	0	19	58	-79.865141	-6.7635
9	0	19	59	-79.865167	-6.76372
9	0	19	60	-79.865226	-6.763769
9	0	19	61	-79.865843	-6.763671
9	0	19	62	-79.866011	-6.76417
9	0	19	63	-79.866549	-6.76314
9	0	19	64	-79.866464	-6.762904
9	0	19	65	-79.866892	-6.76136
9	0	19	66	-79.867665	-6.761428
9	0	19	67	-79.868372	-6.763274
9	0	19	68	-79.867597	-6.76365
9	0	19	69	-79.868778	-6.763105
10	0	20	1	-79.868277	-6.765364
10	0	20	2	-79.873927	-6.76837
10	0	20	3	-79.874136	-6.76849
10	0	20	4	-79.875341	-6.76889
10	0	20	5	-79.875268	-6.768847
10	0	20	6	-79.874873	-6.768731
10	0	20	7	-79.874625	-6.768947
10	0	20	8	-79.875319	-6.76943
10	0	20	9	-79.875326	-6.769504
10	0	20	10	-79.876077	-6.769548
10	0	20	11	-79.876114	-6.76952
10	0	20	12	-79.876148	-6.769288
10	0	20	13	-79.87602	-6.768934
10	0	20	14	-79.87643	-6.769186
10	0	20	15	-79.87643	-6.769186
10	0	20	16	-79.8767	-6.769608
10	0	20	17	-79.882054	-6.79375
10	0	20	18	-79.882339	-6.794438
10	0	20	19	-79.884023	-6.795724
10	0	20	20	-79.88359	-6.795161
10	0	20	21	-79.883984	-6.79523
10	0	20	22	-79.8842	-6.794895
10	0	20	23	-79.884456	-6.794117
10	0	20	24	-79.884769	-6.79384
10	0	20	25	-79.887897	-6.794548
10	0	20	26	-79.889786	-6.79217
10	0	20	27	-79.890962	-6.792343
10	0	20	28	-79.890976	-6.792551
10	0	20	29	-79.891371	-6.792483
10	0	20	30	-79.891945	-6.792528
10	0	20	31	-79.894915	-6.792347
10	0	20	32	-79.894699	-6.7932
10	0	20	33	-79.895982	-6.792986
10	0	20	34	-79.896815	-6.790583
10	0	20	35	-79.893004	-6.790257
10	0	20	36	-79.892866	-6.790886
10	0	20	37	-79.892017	-6.790917
10	0	20	38	-79.889479	-6.79193
10	0	20	39	-79.888324	-6.790946
10	0	20	40	-79.886872	-6.790271
10	0	20	41	-79.887245	-6.7906
10	0	20	42	-79.889045	-6.792883
10	0	20	43	-79.888192	-6.793385
10	0	20	44	-79.887683	-6.794745
10	0	20	45	-79.884024	-6.79352
10	0	20	46	-79.884372	-6.793239
10	0	20	47	-79.884397	-6.79477
10	0	20	48	-79.884375	-6.794868
10	0	20	49	-79.884323	-6.794978
10	0	20	50	-79.885506	-6.796852
10	0	20	51	-79.886725	-6.798165
10	0	20	52	-79.884259	-6.79738
10	0	20	53	-79.882342	-6.803129
10	0	20	54	-79.878824	-6.79704
10	0	20	55	-79.878386	-6.79742
10	0	20	56	-79.876988	-6.7988
10	0	20	57	-79.87663	-6.79853
10	0	20	58	-79.877508	-6.79782
10	0	20	59	-79.871944	-6.794068
10	0	20	60	-79.877458	-6.795873
10	0	20	61	-79.881307	-6.79513
10	0	20	62	-79.881158	-6.794846
10	0	20	63	-79.881169	-6.794517
10	0	20	64	-79.881006	-6.7946
10	0	20	65	-79.881172	-6.79433
10	0	20	66	-79.881112	-6.794274
10	0	20	67	-79.88126	-6.794203
10	0	20	68	-79.880094	-6.79321
11	0	21	1	-79.915931	-6.71062
11	0	21	2	-79.915731	-6.71001
11	0	21	3	-79.915834	-6.709479
11	0	21	4	-79.915439	-6.70979
11	0	21	5	-79.915196	-6.7102
11	0	21	6	-79.916893	-6.71226
11	0	21	7	-79.917363	-6.71226
11	0	21	8	-79.917239	-6.7124
11	0	21	9	-79.918874	-6.713872
11	0	21	10	-79.920201	-6.71496
11	0	21	11	-79.919241	-6.714266
11	0	21	12	-79.919241	-6.714266
11	0	21	13	-79.918801	-6.7126
11	0	21	14	-79.91879	-6.71197
11	0	21	15	-79.918116	-6.71248
11	0	21	16	-79.918175	-6.712054
11	0	21	17	-79.917946	-6.711424
11	0	21	18	-79.918246	-6.711377
11	0	21	19	-79.919592	-6.710645
11	0	21	20	-79.918018	-6.70982
11	0	21	21	-79.917868	-6.70976
11	0	21	22	-79.918681	-6.708498
11	0	21	23	-79.918568	-6.708437
11	0	21	24	-79.919314	-6.708953
11	0	21	25	-79.919737	-6.70865
11	0	21	26	-79.920343	-6.707581
11	0	21	27	-79.920488	-6.706815
11	0	21	28	-79.920009	-6.706606
11	0	21	29	-79.919212	-6.706416
11	0	21	30	-79.919212	-6.706416
11	0	21	31	-79.918177	-6.705682
11	0	21	32	-79.917638	-6.70532
11	0	21	33	-79.917348	-6.704874
11	0	21	34	-79.917281	-6.704608
11	0	21	35	-79.917289	-6.704054
11	0	21	36	-79.917433	-6.703229
11	0	21	37	-79.917982	-6.703759
11	0	21	38	-79.917512	-6.7037
11	0	21	39	-79.916606	-6.704113
11	0	21	40	-79.91598	-6.70402
11	0	21	41	-79.916074	-6.70485
11	0	21	42	-79.915934	-6.706201
11	0	21	43	-79.915901	-6.70569
11	0	21	44	-79.915345	-6.7052
11	0	21	45	-79.914975	-6.70519
11	0	21	46	-79.914226	-6.70514
11	0	21	47	-79.914286	-6.705341
11	0	21	48	-79.914317	-6.70563
11	0	21	49	-79.914099	-6.70684
11	0	21	50	-79.91418	-6.70581
11	0	21	51	-79.914348	-6.705018
11	0	21	52	-79.914851	-6.70515
11	0	21	53	-79.914872	-6.70415
11	0	21	54	-79.914389	-6.70389
11	0	21	55	-79.915363	-6.704381
11	0	21	56	-79.915561	-6.704952
11	0	21	57	-79.915352	-6.705032
11	0	21	58	-79.916641	-6.70547
11	0	21	59	-79.916622	-6.70528
11	0	21	60	-79.917357	-6.7053
11	0	21	61	-79.919146	-6.70513
11	0	21	62	-79.919138	-6.70734
11	0	21	63	-79.917378	-6.70729
11	0	21	64	-79.917014	-6.70767
11	0	21	65	-79.917002	-6.70787
11	0	21	66	-79.916516	-6.70822
11	0	21	67	-79.916501	-6.708551
11	0	21	68	-79.916501	-6.708551
11	0	21	69	-79.915893	-6.70841
12	0	22	1	-79.892741	-6.722325
12	0	22	2	-79.897539	-6.715217
12	0	22	3	-79.898214	-6.715047
12	0	22	4	-79.898707	-6.71502
12	0	22	5	-79.899037	-6.714742
12	0	22	6	-79.890339	-6.727444
12	0	22	7	-79.890595	-6.727605
12	0	22	8	-79.908415	-6.764059
12	0	22	9	-79.917094	-6.770233
12	0	22	10	-79.918653	-6.774126
12	0	22	11	-79.920119	-6.774676
12	0	22	12	-79.922429	-6.774866
12	0	22	13	-79.922755	-6.77449
12	0	22	14	-79.924264	-6.77305
12	0	22	15	-79.926915	-6.77136
12	0	22	16	-79.925684	-6.77145
12	0	22	17	-79.924273	-6.77063
12	0	22	18	-79.92439	-6.77158
12	0	22	19	-79.923157	-6.773097
12	0	22	20	-79.923057	-6.773207
12	0	22	21	-79.921717	-6.77345
12	0	22	22	-79.921259	-6.772766
12	0	22	23	-79.920756	-6.77258
12	0	22	24	-79.920668	-6.771694
12	0	22	25	-79.920924	-6.77234
12	0	22	26	-79.920755	-6.772182
12	0	22	27	-79.919901	-6.77253
12	0	22	28	-79.920363	-6.77288
12	0	22	29	-79.919945	-6.772857
12	0	22	30	-79.919798	-6.77299
12	0	22	31	-79.919656	-6.77323
12	0	22	32	-79.919014	-6.772999
12	0	22	33	-79.918564	-6.772884
12	0	22	34	-79.910292	-6.771358
12	0	22	35	-79.904038	-6.769502
12	0	22	36	-79.876308	-6.768908
12	0	22	37	-79.876917	-6.768455
12	0	22	38	-79.876802	-6.768349
12	0	22	39	-79.876497	-6.76836
12	0	22	40	-79.876319	-6.76824
12	0	22	41	-79.875986	-6.76816
12	0	22	42	-79.875722	-6.76804
12	0	22	43	-79.8751	-6.768424
12	0	22	44	-79.875363	-6.76831
12	0	22	45	-79.875606	-6.76752
12	0	22	46	-79.875062	-6.766678
12	0	22	47	-79.875191	-6.766157
12	0	22	48	-79.874986	-6.766237
12	0	22	49	-79.875665	-6.7669
12	0	22	50	-79.875278	-6.766401
12	0	22	51	-79.876304	-6.7662
12	0	22	52	-79.876509	-6.76632
12	0	22	53	-79.876553	-6.76574
12	0	22	54	-79.876396	-6.765931
12	0	22	55	-79.876307	-6.765943
12	0	22	56	-79.875936	-6.76585
12	0	22	57	-79.876008	-6.76537
12	0	22	58	-79.875732	-6.765
12	0	22	59	-79.875444	-6.765042
12	0	22	60	-79.875389	-6.76516
12	0	22	61	-79.875424	-6.765578
12	0	22	62	-79.874227	-6.765277
12	0	22	63	-79.874369	-6.765547
12	0	22	64	-79.874458	-6.764911
12	0	22	65	-79.87461	-6.76426
12	0	22	66	-79.87403	-6.764081
12	0	22	67	-79.872292	-6.76354
12	0	22	68	-79.870319	-6.765001
12	0	22	69	-79.869086	-6.763093
13	0	23	1	-79.923531	-6.775431
13	0	23	2	-79.925987	-6.773734
13	0	23	3	-79.927095	-6.77274
13	0	23	4	-79.927092	-6.772873
13	0	23	5	-79.945792	-6.763703
13	0	23	6	-79.946627	-6.763957
13	0	23	7	-79.947118	-6.769142
13	0	23	8	-79.947489	-6.76966
13	0	23	9	-79.947468	-6.76913
13	0	23	10	-79.95896	-6.767851
13	0	23	11	-79.958819	-6.768108
13	0	23	12	-79.965323	-6.769047
13	0	23	13	-79.96461	-6.7688
13	0	23	14	-79.965043	-6.76859
13	0	23	15	-79.965392	-6.76827
13	0	23	16	-79.965626	-6.76622
13	0	23	17	-79.965565	-6.766236
13	0	23	18	-79.966277	-6.76716
13	0	23	19	-79.966886	-6.76753
13	0	23	20	-79.966951	-6.768153
13	0	23	21	-79.9672	-6.768336
13	0	23	22	-79.967691	-6.768233
13	0	23	23	-79.967653	-6.76833
13	0	23	24	-79.967647	-6.769
13	0	23	25	-79.967442	-6.769505
13	0	23	26	-79.969051	-6.769046
13	0	23	27	-79.9686	-6.769008
13	0	23	28	-79.968552	-6.768641
13	0	23	29	-79.968563	-6.769656
13	0	23	30	-79.968491	-6.77022
13	0	23	31	-79.968008	-6.770362
13	0	23	32	-79.968895	-6.770113
13	0	23	33	-79.969279	-6.770082
13	0	23	34	-79.969721	-6.769912
13	0	23	35	-79.969688	-6.769806
13	0	23	36	-79.937871	-6.83376
13	0	23	37	-79.933735	-6.83341
13	0	23	38	-79.933786	-6.833351
13	0	23	39	-79.934062	-6.833122
13	0	23	40	-79.931959	-6.829172
13	0	23	41	-79.931295	-6.82951
13	0	23	42	-79.930748	-6.82934
13	0	23	43	-79.928861	-6.830355
13	0	23	44	-79.929566	-6.831542
13	0	23	45	-79.928934	-6.83216
13	0	23	46	-79.929395	-6.83173
13	0	23	47	-79.929333	-6.8313
13	0	23	48	-79.929256	-6.831158
13	0	23	49	-79.9287	-6.83091
13	0	23	50	-79.928497	-6.83097
13	0	23	51	-79.92841	-6.83183
13	0	23	52	-79.92825	-6.831772
13	0	23	53	-79.928105	-6.83088
13	0	23	54	-79.920903	-6.829051
13	0	23	55	-79.919626	-6.827478
13	0	23	56	-79.918442	-6.826973
13	0	23	57	-79.919092	-6.826104
13	0	23	58	-79.921441	-6.823431
13	0	23	59	-79.919571	-6.823358
13	0	23	60	-79.911337	-6.809604
13	0	23	61	-79.911111	-6.809501
13	0	23	62	-79.911592	-6.807831
13	0	23	63	-79.912497	-6.808938
13	0	23	64	-79.912404	-6.809024
13	0	23	65	-79.912386	-6.809154
13	0	23	66	-79.913274	-6.808899
13	0	23	67	-79.913885	-6.809521
13	0	23	68	-79.912901	-6.810341
13	0	23	69	-79.912719	-6.810479
14	0	24	1	-79.890052	-6.80359
14	0	24	2	-79.88988	-6.802895
14	0	24	3	-79.889407	-6.799866
14	0	24	4	-79.896478	-6.804261
14	0	24	5	-79.895906	-6.803882
14	0	24	6	-79.895683	-6.803781
14	0	24	7	-79.895539	-6.803746
14	0	24	8	-79.893099	-6.802291
14	0	24	9	-79.894628	-6.80363
14	0	24	10	-79.895211	-6.804165
14	0	24	11	-79.895546	-6.804557
14	0	24	12	-79.910378	-6.809761
14	0	24	13	-79.910314	-6.809773
14	0	24	14	-79.910291	-6.809699
14	0	24	15	-79.911003	-6.80983
14	0	24	16	-79.91038	-6.809411
14	0	24	17	-79.911356	-6.811277
14	0	24	18	-79.911529	-6.811365
14	0	24	19	-79.911213	-6.81124
14	0	24	20	-79.911224	-6.810396
14	0	24	21	-79.911017	-6.810169
14	0	24	22	-79.908097	-6.81308
14	0	24	23	-79.90863	-6.81748
14	0	24	24	-79.908538	-6.818607
14	0	24	25	-79.908044	-6.819353
14	0	24	26	-79.908157	-6.819381
14	0	24	27	-79.908855	-6.819902
14	0	24	28	-79.908884	-6.820025
14	0	24	29	-79.909524	-6.82028
14	0	24	30	-79.909685	-6.82003
14	0	24	31	-79.909569	-6.819931
14	0	24	32	-79.9088	-6.820948
14	0	24	33	-79.908174	-6.82139
14	0	24	34	-79.908499	-6.82132
14	0	24	35	-79.908211	-6.820385
14	0	24	36	-79.90815	-6.82026
14	0	24	37	-79.90806	-6.820319
14	0	24	38	-79.908001	-6.820309
14	0	24	39	-79.90798	-6.81984
14	0	24	40	-79.909176	-6.818284
14	0	24	41	-79.910039	-6.818899
14	0	24	42	-79.91031	-6.81938
14	0	24	43	-79.909962	-6.818554
14	0	24	44	-79.910069	-6.81793
14	0	24	45	-79.909795	-6.81776
14	0	24	46	-79.909853	-6.817529
14	0	24	47	-79.91116	-6.818338
14	0	24	48	-79.910768	-6.816901
14	0	24	49	-79.910549	-6.81673
14	0	24	50	-79.902861	-6.810646
14	0	24	51	-79.90159	-6.81059
14	0	24	52	-79.896164	-6.809265
14	0	24	53	-79.895877	-6.808733
14	0	24	54	-79.898292	-6.807888
14	0	24	55	-79.894517	-6.806262
14	0	24	56	-79.893167	-6.808102
14	0	24	57	-79.892853	-6.80829
14	0	24	58	-79.892741	-6.80905
14	0	24	59	-79.892314	-6.80981
14	0	24	60	-79.89307	-6.809271
14	0	24	61	-79.893155	-6.809435
14	0	24	62	-79.893667	-6.80913
14	0	24	63	-79.889555	-6.802338
14	0	24	64	-79.890158	-6.802303
14	0	24	65	-79.883735	-6.805812
14	0	24	66	-79.883945	-6.80581
14	0	24	67	-79.883567	-6.806027
14	0	24	68	-79.883932	-6.80692
14	0	24	69	-79.882894	-6.806412
16	0	25	1	-79.968797	-6.768589
16	0	25	2	-79.968682	-6.76841
16	0	25	3	-79.968629	-6.768303
16	0	25	4	-79.968628	-6.76797
16	0	25	5	-79.967786	-6.76761
16	0	25	6	-79.968196	-6.767547
16	0	25	7	-79.968446	-6.76787
16	0	25	8	-79.97	-6.76817
16	0	25	9	-79.969729	-6.768582
16	0	25	10	-79.969971	-6.767481
16	0	25	11	-79.969829	-6.767378
16	0	25	12	-79.969684	-6.767363
16	0	25	13	-79.970008	-6.76697
16	0	25	14	-79.970036	-6.76663
16	0	25	15	-79.970068	-6.76621
16	0	25	16	-79.96998	-6.76581
16	0	25	17	-79.96951	-6.766059
16	0	25	18	-79.969521	-6.76642
16	0	25	19	-79.969546	-6.76579
16	0	25	20	-79.968051	-6.76601
16	0	25	21	-79.968249	-6.76556
16	0	25	22	-79.969072	-6.76559
16	0	25	23	-79.969284	-6.76637
16	0	25	24	-79.96917	-6.765439
16	0	25	25	-79.969237	-6.765082
16	0	25	26	-79.969088	-6.76499
16	0	25	27	-79.968677	-6.765181
16	0	25	28	-79.968858	-6.764584
16	0	25	29	-79.968973	-6.76413
16	0	25	30	-79.969216	-6.76414
16	0	25	31	-79.968728	-6.764249
16	0	25	32	-79.968495	-6.76425
16	0	25	33	-79.968191	-6.76425
16	0	25	34	-79.966675	-6.763706
16	0	25	35	-79.966123	-6.766176
16	0	25	36	-79.966136	-6.765947
16	0	25	37	-79.966158	-6.765418
16	0	25	38	-79.967279	-6.764373
16	0	25	39	-79.967428	-6.7644
16	0	25	40	-79.967566	-6.764512
16	0	25	41	-79.967852	-6.763416
16	0	25	42	-79.968902	-6.763218
16	0	25	43	-79.969004	-6.76296
16	0	25	44	-79.96856	-6.762681
16	0	25	45	-79.968751	-6.762734
16	0	25	46	-79.969705	-6.76254
16	0	25	47	-79.970355	-6.76301
16	0	25	48	-79.971121	-6.762553
16	0	25	49	-79.969764	-6.762132
16	0	25	50	-79.969312	-6.762058
16	0	25	51	-79.969416	-6.762971
16	0	25	52	-79.969564	-6.76329
16	0	25	53	-79.96921	-6.76382
16	0	25	54	-79.969238	-6.764044
16	0	25	55	-79.970217	-6.763823
16	0	25	56	-79.970625	-6.764901
16	0	25	57	-79.970443	-6.76602
16	0	25	58	-79.970204	-6.767413
16	0	25	59	-79.970814	-6.767184
16	0	25	60	-79.970654	-6.766863
16	0	25	61	-79.970586	-6.76777
16	0	25	62	-79.970335	-6.768463
16	0	25	63	-79.970297	-6.768676
16	0	25	64	-79.970165	-6.768533
16	0	25	65	-79.96998	-6.768834
16	0	25	66	-79.970019	-6.768183
16	0	25	67	-79.969016	-6.768325
16	0	25	68	-79.96914	-6.76751
17	0	26	1	-79.930524	-6.834107
17	0	26	2	-79.930523	-6.83334
17	0	26	3	-79.930189	-6.83318
17	0	26	4	-79.930181	-6.832981
17	0	26	5	-79.930194	-6.832871
17	0	26	6	-79.929893	-6.83287
17	0	26	7	-79.929386	-6.832461
17	0	26	8	-79.929503	-6.833547
17	0	26	9	-79.929095	-6.832748
17	0	26	10	-79.929035	-6.832729
17	0	26	11	-79.928435	-6.832044
17	0	26	12	-79.927449	-6.83264
17	0	26	13	-79.927419	-6.834005
17	0	26	14	-79.928151	-6.83381
17	0	26	15	-79.928296	-6.834
17	0	26	16	-79.928685	-6.834322
17	0	26	17	-79.928763	-6.834347
17	0	26	18	-79.928884	-6.83467
17	0	26	19	-79.929272	-6.834031
17	0	26	20	-79.929706	-6.834172
17	0	26	21	-79.928624	-6.835891
17	0	26	22	-79.92968	-6.835959
17	0	26	23	-79.929706	-6.83605
17	0	26	24	-79.929859	-6.834754
17	0	26	25	-79.930266	-6.83479
17	0	26	26	-79.930068	-6.83561
17	0	26	27	-79.929931	-6.83557
17	0	26	28	-79.930198	-6.83618
17	0	26	29	-79.931687	-6.8366
17	0	26	30	-79.932248	-6.83774
17	0	26	31	-79.933108	-6.837295
17	0	26	32	-79.932864	-6.83617
17	0	26	33	-79.933294	-6.83638
17	0	26	34	-79.933625	-6.836797
17	0	26	35	-79.933903	-6.83622
17	0	26	36	-79.934297	-6.836268
17	0	26	37	-79.933875	-6.835424
17	0	26	38	-79.934539	-6.83579
17	0	26	39	-79.93472	-6.83587
17	0	26	40	-79.934469	-6.83532
17	0	26	41	-79.934612	-6.83491
17	0	26	42	-79.935545	-6.834621
17	0	26	43	-79.935169	-6.83448
17	0	26	44	-79.935163	-6.83457
17	0	26	45	-79.935287	-6.83463
17	0	26	46	-79.934938	-6.83502
17	0	26	47	-79.934054	-6.83487
17	0	26	48	-79.934105	-6.83471
17	0	26	49	-79.932852	-6.83416
17	0	26	50	-79.933189	-6.834561
17	0	26	51	-79.933656	-6.83359
17	0	26	52	-79.933618	-6.83398
17	0	26	53	-79.933216	-6.833635
17	0	26	54	-79.932948	-6.833336
17	0	26	55	-79.932563	-6.83317
17	0	26	56	-79.931946	-6.83303
17	0	26	57	-79.931229	-6.834642
17	0	26	58	-79.931184	-6.834714
17	0	26	59	-79.931387	-6.83566
17	0	26	60	-79.930923	-6.835382
17	0	26	61	-79.930852	-6.83541
17	0	26	62	-79.93101	-6.835696
17	0	26	63	-79.931762	-6.83597
17	0	26	64	-79.931788	-6.83556
17	0	26	65	-79.932477	-6.835255
17	0	26	66	-79.932928	-6.834962
17	0	26	67	-79.933237	-6.835349
17	0	26	68	-79.932716	-6.83459
17	0	26	69	-79.919413	-6.831277
18	0	27	1	-79.936739	-6.83561
18	0	27	2	-79.936495	-6.836152
18	0	27	3	-79.936357	-6.83642
18	0	27	4	-79.93614	-6.836811
18	0	27	5	-79.936398	-6.83594
18	0	27	6	-79.936341	-6.835736
18	0	27	7	-79.936197	-6.83572
18	0	27	8	-79.936184	-6.83559
18	0	27	9	-79.935786	-6.83641
18	0	27	10	-79.935578	-6.837018
18	0	27	11	-79.935641	-6.83703
18	0	27	12	-79.935798	-6.83697
18	0	27	13	-79.934881	-6.837908
18	0	27	14	-79.93537	-6.838104
18	0	27	15	-79.936305	-6.838449
18	0	27	16	-79.935942	-6.838722
18	0	27	17	-79.935657	-6.83925
18	0	27	18	-79.935031	-6.84241
18	0	27	19	-79.935731	-6.842929
18	0	27	20	-79.93557	-6.843226
18	0	27	21	-79.935928	-6.843408
18	0	27	22	-79.936814	-6.844093
18	0	27	23	-79.937243	-6.844233
18	0	27	24	-79.93784	-6.844072
18	0	27	25	-79.936569	-6.84318
18	0	27	26	-79.93622	-6.84388
18	0	27	27	-79.936053	-6.84398
18	0	27	28	-79.935447	-6.84381
18	0	27	29	-79.934806	-6.843757
18	0	27	30	-79.934764	-6.843914
18	0	27	31	-79.934876	-6.843514
18	0	27	32	-79.934968	-6.84312
18	0	27	33	-79.935238	-6.844254
18	0	27	34	-79.935653	-6.84299
18	0	27	35	-79.936214	-6.841888
18	0	27	36	-79.936039	-6.84158
18	0	27	37	-79.936077	-6.84097
18	0	27	38	-79.935426	-6.84059
18	0	27	39	-79.934865	-6.84046
18	0	27	40	-79.935146	-6.83986
18	0	27	41	-79.935204	-6.83911
18	0	27	42	-79.93419	-6.83995
18	0	27	43	-79.934382	-6.83948
18	0	27	44	-79.934752	-6.83894
18	0	27	45	-79.934516	-6.838434
18	0	27	46	-79.934225	-6.838483
18	0	27	47	-79.933954	-6.83866
18	0	27	48	-79.933779	-6.839746
18	0	27	49	-79.933941	-6.839258
18	0	27	50	-79.933638	-6.838876
18	0	27	51	-79.934322	-6.83927
18	0	27	52	-79.934977	-6.839543
18	0	27	53	-79.935229	-6.83971
18	0	27	54	-79.935961	-6.839676
18	0	27	55	-79.937058	-6.839518
18	0	27	56	-79.937212	-6.84031
18	0	27	57	-79.937356	-6.840472
18	0	27	58	-79.936857	-6.841178
18	0	27	59	-79.93728	-6.84077
18	0	27	60	-79.937274	-6.84123
18	0	27	61	-79.937351	-6.8416
18	0	27	62	-79.937359	-6.84167
18	0	27	63	-79.937436	-6.841999
18	0	27	64	-79.937234	-6.842709
18	0	27	65	-79.937302	-6.84292
18	0	27	66	-79.936808	-6.84186
18	0	27	67	-79.936519	-6.84114
18	0	27	68	-79.932424	-6.85385
19	0	28	1	-79.812991	-6.755161
19	0	28	2	-79.819794	-6.75801
19	0	28	3	-79.823363	-6.757844
19	0	28	4	-79.824413	-6.75759
19	0	28	5	-79.824897	-6.75574
19	0	28	6	-79.824749	-6.75592
19	0	28	7	-79.824622	-6.755909
19	0	28	8	-79.824673	-6.75559
19	0	28	9	-79.824403	-6.755017
19	0	28	10	-79.824678	-6.75485
19	0	28	11	-79.825555	-6.75491
19	0	28	12	-79.82525	-6.75444
19	0	28	13	-79.825076	-6.75545
19	0	28	14	-79.825242	-6.755331
19	0	28	15	-79.823541	-6.75544
19	0	28	16	-79.823616	-6.75603
19	0	28	17	-79.824126	-6.756017
19	0	28	18	-79.82384	-6.75626
19	0	28	19	-79.822445	-6.75664
19	0	28	20	-79.821847	-6.756738
19	0	28	21	-79.822633	-6.757322
19	0	28	22	-79.82426	-6.75716
19	0	28	23	-79.824914	-6.75635
19	0	28	24	-79.825867	-6.75602
19	0	28	25	-79.825371	-6.756304
19	0	28	26	-79.825318	-6.75641
19	0	28	27	-79.825331	-6.75658
19	0	28	28	-79.825213	-6.75684
19	0	28	29	-79.825583	-6.757225
19	0	28	30	-79.824182	-6.75733
19	0	28	31	-79.822146	-6.758202
19	0	28	32	-79.822489	-6.75862
19	0	28	33	-79.821363	-6.75845
19	0	28	34	-79.821129	-6.757907
19	0	28	35	-79.821523	-6.756
19	0	28	36	-79.821772	-6.755867
19	0	28	37	-79.822475	-6.754694
19	0	28	38	-79.822014	-6.755196
19	0	28	39	-79.820865	-6.754491
19	0	28	40	-79.819954	-6.75363
19	0	28	41	-79.819858	-6.75386
19	0	28	42	-79.81963	-6.75481
19	0	28	43	-79.819312	-6.755358
19	0	28	44	-79.819343	-6.7553
19	0	28	45	-79.818658	-6.754898
19	0	28	46	-79.818541	-6.75498
19	0	28	47	-79.815465	-6.753623
19	0	28	48	-79.815413	-6.7531
19	0	28	49	-79.814761	-6.752506
19	0	28	50	-79.814739	-6.752501
19	0	28	51	-79.814201	-6.7522
19	0	28	52	-79.813473	-6.75244
19	0	28	53	-79.813027	-6.75261
19	0	28	54	-79.813992	-6.753049
19	0	28	55	-79.815242	-6.75197
19	0	28	56	-79.812542	-6.74919
19	0	28	57	-79.811528	-6.74879
19	0	28	58	-79.812401	-6.749869
19	0	28	59	-79.813478	-6.74953
19	0	28	60	-79.814653	-6.749454
19	0	28	61	-79.816598	-6.74998
19	0	28	62	-79.817152	-6.746798
19	0	28	63	-79.819628	-6.74919
19	0	28	64	-79.819558	-6.749646
19	0	28	65	-79.822042	-6.74899
19	0	28	66	-79.823396	-6.749003
19	0	28	67	-79.825391	-6.75172
19	0	28	68	-79.824276	-6.75266
19	0	28	69	-79.823192	-6.75258
19	0	28	70	-79.821797	-6.75181
19	0	28	71	-79.819015	-6.752045
19	0	28	72	-79.818135	-6.75146
19	0	28	73	-79.818926	-6.75072
19	0	28	74	-79.81645	-6.750482
19	0	28	75	-79.816251	-6.75073
19	0	28	76	-79.815947	-6.751607
19	0	28	77	-79.81675	-6.75215
19	0	28	78	-79.816904	-6.75278
19	0	28	79	-79.816774	-6.75319
19	0	28	80	-79.8165	-6.757072
19	0	28	81	-79.816761	-6.757872
19	0	28	82	-79.816824	-6.75789
19	0	28	83	-79.817464	-6.757416
19	0	28	84	-79.81878	-6.759128
19	0	28	85	-79.819236	-6.75889
19	0	28	86	-79.818908	-6.75871
20	0	29	1	-79.827407	-6.76634
20	0	29	2	-79.827054	-6.76544
20	0	29	3	-79.827082	-6.765431
20	0	29	4	-79.827434	-6.76513
20	0	29	5	-79.827572	-6.763435
20	0	29	6	-79.827262	-6.761106
20	0	29	7	-79.827005	-6.76133
20	0	29	8	-79.826362	-6.76059
20	0	29	9	-79.825012	-6.760503
20	0	29	10	-79.825961	-6.760874
20	0	29	11	-79.825567	-6.762591
20	0	29	12	-79.827035	-6.76313
20	0	29	13	-79.827048	-6.763098
20	0	29	14	-79.825998	-6.763027
20	0	29	15	-79.826236	-6.76417
20	0	29	16	-79.826411	-6.76396
20	0	29	17	-79.826851	-6.76238
20	0	29	18	-79.826181	-6.7612
20	0	29	19	-79.826559	-6.75992
20	0	29	20	-79.826045	-6.759734
20	0	29	21	-79.825482	-6.75949
20	0	29	22	-79.825524	-6.75934
20	0	29	23	-79.825375	-6.7583
20	0	29	24	-79.825032	-6.758534
20	0	29	25	-79.825132	-6.759002
20	0	29	26	-79.825072	-6.759123
20	0	29	27	-79.825418	-6.75922
20	0	29	28	-79.826423	-6.758963
20	0	29	29	-79.826602	-6.758925
20	0	29	30	-79.827019	-6.75876
20	0	29	31	-79.826435	-6.75862
20	0	29	32	-79.827024	-6.758977
20	0	29	33	-79.827555	-6.758812
20	0	29	34	-79.828539	-6.7587
20	0	29	35	-79.828879	-6.75882
20	0	29	36	-79.828769	-6.75956
20	0	29	37	-79.828914	-6.759891
20	0	29	38	-79.829024	-6.76032
20	0	29	39	-79.829185	-6.76075
20	0	29	40	-79.828335	-6.760503
20	0	29	41	-79.829697	-6.75983
20	0	29	42	-79.830454	-6.75987
20	0	29	43	-79.830693	-6.75989
20	0	29	44	-79.830026	-6.76043
20	0	29	45	-79.830612	-6.760361
20	0	29	46	-79.831228	-6.76034
20	0	29	47	-79.831115	-6.760187
20	0	29	48	-79.830288	-6.76119
20	0	29	49	-79.830294	-6.76103
20	0	29	50	-79.831551	-6.760698
20	0	29	51	-79.833003	-6.7606
20	0	29	52	-79.833171	-6.76075
20	0	29	53	-79.834166	-6.760688
20	0	29	54	-79.834099	-6.76001
20	0	29	55	-79.834042	-6.759846
20	0	29	56	-79.834056	-6.75974
20	0	29	57	-79.833594	-6.758766
20	0	29	58	-79.833692	-6.760159
20	0	29	59	-79.833376	-6.760025
20	0	29	60	-79.833445	-6.759691
20	0	29	61	-79.833277	-6.75979
20	0	29	62	-79.832399	-6.75971
20	0	29	63	-79.832728	-6.759445
20	0	29	64	-79.832746	-6.7589
20	0	29	65	-79.832449	-6.75874
20	0	29	66	-79.831398	-6.758832
20	0	29	67	-79.831186	-6.7581
20	0	29	68	-79.829311	-6.7583
20	0	29	69	-79.830394	-6.75843
20	0	29	70	-79.831205	-6.758424
20	0	29	71	-79.831734	-6.758048
20	0	29	72	-79.831982	-6.75946
20	0	29	73	-79.831611	-6.759742
20	0	29	74	-79.831594	-6.760715
20	0	29	75	-79.831192	-6.76109
20	0	29	76	-79.83101	-6.76169
20	0	29	77	-79.83058	-6.76189
20	0	29	78	-79.83007	-6.76256
20	0	29	79	-79.829688	-6.76211
20	0	29	80	-79.828015	-6.76084
20	0	29	81	-79.82748	-6.76052
20	0	29	82	-79.825574	-6.75964
20	0	29	83	-79.825941	-6.76001
20	0	29	84	-79.826492	-6.761676
20	0	29	85	-79.826658	-6.76196
20	0	29	86	-79.827302	-6.76192
22	0	30	1	-79.82941	-6.757711
22	0	30	2	-79.829466	-6.75761
22	0	30	3	-79.829361	-6.75724
22	0	30	4	-79.829367	-6.756563
22	0	30	5	-79.828925	-6.756063
22	0	30	6	-79.829707	-6.75621
22	0	30	7	-79.830647	-6.756092
22	0	30	8	-79.830956	-6.75609
22	0	30	9	-79.831517	-6.757815
22	0	30	10	-79.831703	-6.75768
22	0	30	11	-79.831776	-6.75627
22	0	30	12	-79.832607	-6.75617
22	0	30	13	-79.83221	-6.755765
22	0	30	14	-79.832276	-6.755575
22	0	30	15	-79.832059	-6.754343
22	0	30	16	-79.832546	-6.754616
22	0	30	17	-79.831682	-6.754482
22	0	30	18	-79.831722	-6.75456
22	0	30	19	-79.830582	-6.75465
22	0	30	20	-79.830246	-6.754409
22	0	30	21	-79.830449	-6.753993
22	0	30	22	-79.831942	-6.753874
22	0	30	23	-79.832074	-6.75314
22	0	30	24	-79.832322	-6.751825
22	0	30	25	-79.832197	-6.75118
22	0	30	26	-79.832141	-6.75068
22	0	30	27	-79.831972	-6.75033
22	0	30	28	-79.831713	-6.7497
22	0	30	29	-79.831648	-6.74817
22	0	30	30	-79.830436	-6.748301
22	0	30	31	-79.829605	-6.748122
22	0	30	32	-79.829975	-6.74745
22	0	30	33	-79.83116	-6.747185
22	0	30	34	-79.830098	-6.7455
22	0	30	35	-79.830304	-6.744923
22	0	30	36	-79.829877	-6.744889
22	0	30	37	-79.828371	-6.745837
22	0	30	38	-79.827052	-6.74627
22	0	30	39	-79.826491	-6.74548
22	0	30	40	-79.826316	-6.745473
22	0	30	41	-79.827407	-6.75042
22	0	30	42	-79.826649	-6.75156
22	0	30	43	-79.826089	-6.75126
22	0	30	44	-79.825609	-6.752596
22	0	30	45	-79.827918	-6.751358
22	0	30	46	-79.828223	-6.75036
22	0	30	47	-79.828279	-6.75079
22	0	30	48	-79.828558	-6.750592
22	0	30	49	-79.829163	-6.75065
22	0	30	50	-79.831387	-6.749954
22	0	30	51	-79.831185	-6.75073
22	0	30	52	-79.831399	-6.75142
22	0	30	53	-79.830959	-6.75131
22	0	30	54	-79.830562	-6.751291
22	0	30	55	-79.830147	-6.75269
22	0	30	56	-79.829641	-6.752576
22	0	30	57	-79.829006	-6.752608
22	0	30	58	-79.827194	-6.75346
22	0	30	59	-79.827454	-6.75418
22	0	30	60	-79.829112	-6.75396
22	0	30	61	-79.829049	-6.754133
22	0	30	62	-79.828551	-6.7546
22	0	30	63	-79.827795	-6.75494
22	0	30	64	-79.827852	-6.755794
22	0	30	65	-79.827496	-6.755902
22	0	30	66	-79.827517	-6.75585
22	0	30	67	-79.829612	-6.755764
22	0	30	68	-79.829697	-6.75502
22	0	30	69	-79.830207	-6.757404
22	0	30	70	-79.830772	-6.757913
22	0	30	71	-79.831096	-6.757956
22	0	30	72	-79.83124	-6.757485
22	0	30	73	-79.831206	-6.757089
22	0	30	74	-79.830869	-6.75693
22	0	30	75	-79.8309	-6.75662
22	0	30	76	-79.828217	-6.756882
22	0	30	77	-79.828003	-6.75694
22	0	30	78	-79.827292	-6.75702
22	0	30	79	-79.826859	-6.75703
22	0	30	80	-79.826912	-6.75652
22	0	30	81	-79.826194	-6.755486
22	0	30	82	-79.826417	-6.756836
22	0	30	83	-79.827032	-6.75735
22	0	30	84	-79.82742	-6.7573
22	0	30	85	-79.828096	-6.75738
23	0	31	1	-79.816564	-6.76709
23	0	31	2	-79.816805	-6.766781
23	0	31	3	-79.816283	-6.764547
23	0	31	4	-79.816915	-6.76535
23	0	31	5	-79.817777	-6.76589
23	0	31	6	-79.818244	-6.76591
23	0	31	7	-79.818419	-6.764701
23	0	31	8	-79.819072	-6.76492
23	0	31	9	-79.819325	-6.76415
23	0	31	10	-79.818501	-6.7636
23	0	31	11	-79.817609	-6.76327
23	0	31	12	-79.817849	-6.760884
23	0	31	13	-79.817888	-6.762256
23	0	31	14	-79.817752	-6.762482
23	0	31	15	-79.817722	-6.76299
23	0	31	16	-79.818598	-6.7631
23	0	31	17	-79.818754	-6.762799
23	0	31	18	-79.820061	-6.76412
23	0	31	19	-79.822215	-6.763589
23	0	31	20	-79.823116	-6.76286
23	0	31	21	-79.822606	-6.761834
23	0	31	22	-79.821775	-6.75967
23	0	31	23	-79.821906	-6.75938
23	0	31	24	-79.823334	-6.76061
23	0	31	25	-79.823421	-6.760824
23	0	31	26	-79.823476	-6.76113
23	0	31	27	-79.824824	-6.76149
23	0	31	28	-79.824174	-6.76096
23	0	31	29	-79.824238	-6.760391
23	0	31	30	-79.824092	-6.760384
23	0	31	31	-79.823348	-6.7595
23	0	31	32	-79.823076	-6.75891
23	0	31	33	-79.822879	-6.758872
23	0	31	34	-79.820676	-6.75907
23	0	31	35	-79.821516	-6.75889
23	0	31	36	-79.821452	-6.759436
23	0	31	37	-79.821424	-6.75983
23	0	31	38	-79.821384	-6.75991
23	0	31	39	-79.820882	-6.76104
23	0	31	40	-79.822318	-6.76191
23	0	31	41	-79.822165	-6.762275
23	0	31	42	-79.822115	-6.76259
23	0	31	43	-79.823951	-6.76325
23	0	31	44	-79.824075	-6.76478
23	0	31	45	-79.824318	-6.764638
23	0	31	46	-79.825908	-6.765024
23	0	31	47	-79.826416	-6.7649
23	0	31	48	-79.826605	-6.76653
23	0	31	49	-79.826362	-6.76753
23	0	31	50	-79.826804	-6.76811
23	0	31	51	-79.82706	-6.76784
23	0	31	52	-79.82706	-6.76687
23	0	31	53	-79.825957	-6.76664
23	0	31	54	-79.824854	-6.76657
23	0	31	55	-79.824693	-6.7669
23	0	31	56	-79.824768	-6.766966
23	0	31	57	-79.825476	-6.765761
23	0	31	58	-79.825359	-6.76513
23	0	31	59	-79.824538	-6.765505
23	0	31	60	-79.823995	-6.76542
23	0	31	61	-79.822974	-6.764758
23	0	31	62	-79.823001	-6.76429
23	0	31	63	-79.821031	-6.76378
23	0	31	64	-79.82035	-6.764016
23	0	31	65	-79.820901	-6.76449
23	0	31	66	-79.821143	-6.76528
23	0	31	67	-79.821239	-6.76551
23	0	31	68	-79.821501	-6.76548
23	0	31	69	-79.821929	-6.76678
23	0	31	70	-79.822721	-6.76734
23	0	31	71	-79.82221	-6.766887
23	0	31	72	-79.820625	-6.76578
23	0	31	73	-79.82033	-6.7655
23	0	31	74	-79.819369	-6.765932
23	0	31	75	-79.81985	-6.766326
23	0	31	76	-79.819815	-6.76628
23	0	31	77	-79.819821	-6.76667
23	0	31	78	-79.819664	-6.767115
23	0	31	79	-79.819235	-6.766795
23	0	31	80	-79.818335	-6.76689
23	0	31	81	-79.818076	-6.76689
23	0	31	82	-79.818569	-6.76653
23	0	31	83	-79.819092	-6.766226
23	0	31	84	-79.818919	-6.76622
23	0	31	85	-79.816253	-6.76639
