vehicle_id	tour_id	route	ident	lon	lat
0	0	1	1	-70.625371	-33.619916
0	0	1	2	-70.623657	-33.631998
0	0	1	3	-70.611362	-33.62945
0	0	1	4	-70.618849	-33.615232
0	0	1	5	-70.604058	-33.594611
0	0	1	6	-70.60261	-33.592658
0	0	1	7	-70.5949	-33.587341
0	0	1	8	-70.586066	-33.588077
0	0	1	9	-70.589752	-33.593443
0	0	1	10	-70.590624	-33.59367
0	0	1	11	-70.584693	-33.598088
0	0	1	12	-70.585586	-33.601479
0	0	1	13	-70.588197	-33.606397
0	0	1	14	-70.590045	-33.607918
0	0	1	15	-70.57731	-33.621568
0	0	1	16	-70.57131	-33.605324
0	0	1	17	-70.572429	-33.595049
0	0	1	18	-70.565756	-33.595371
0	0	1	19	-70.565802	-33.598239
0	0	1	20	-70.551984	-33.594739
0	0	1	21	-70.542443	-33.596552
0	0	1	22	-70.548072	-33.603048
0	0	1	23	-70.538736	-33.613202
0	0	1	24	-70.534464	-33.611948
0	0	1	25	-70.535103	-33.623276
0	0	1	26	-70.532092	-33.661048
0	0	1	27	-70.532157	-33.688476
0	0	1	28	-70.546848	-33.714632
0	0	1	29	-70.607499	-33.703439
1	0	2	1	-70.594236	-33.539605
1	0	2	2	-70.602902	-33.555123
1	0	2	3	-70.596719	-33.553898
1	0	2	4	-70.586688	-33.562474
1	0	2	5	-70.580501	-33.564856
1	0	2	6	-70.570061	-33.566641
1	0	2	7	-70.569112	-33.566126
1	0	2	8	-70.571118	-33.573713
1	0	2	9	-70.573391	-33.577422
1	0	2	10	-70.577976	-33.575207
1	0	2	11	-70.585238	-33.585541
1	0	2	12	-70.570353	-33.58283
1	0	2	13	-70.566211	-33.58095
1	0	2	14	-70.565439	-33.580191
1	0	2	15	-70.562855	-33.591172
1	0	2	16	-70.546803	-33.587964
1	0	2	17	-70.535002	-33.593111
1	0	2	18	-70.539179	-33.575279
1	0	2	19	-70.536672	-33.571687
1	0	2	20	-70.551065	-33.568014
1	0	2	21	-70.559901	-33.562248
1	0	2	22	-70.55536	-33.550577
1	0	2	23	-70.539432	-33.536009
1	0	2	24	-70.550541	-33.536869
1	0	2	25	-70.556831	-33.531521
1	0	2	26	-70.558298	-33.531419
1	0	2	27	-70.56551	-33.532968
1	0	2	28	-70.56573	-33.537788
1	0	2	29	-70.577529	-33.534256
2	0	3	1	-70.61049	-33.512015
2	0	3	2	-70.602561	-33.514713
2	0	3	3	-70.602611	-33.514958
2	0	3	4	-70.598317	-33.515798
2	0	3	5	-70.592556	-33.516293
2	0	3	6	-70.591558	-33.516433
2	0	3	7	-70.586655	-33.514963
2	0	3	8	-70.604105	-33.526186
2	0	3	9	-70.600472	-33.526625
2	0	3	10	-70.599191	-33.526332
2	0	3	11	-70.597372	-33.526201
2	0	3	12	-70.595282	-33.526681
2	0	3	13	-70.586138	-33.531714
2	0	3	14	-70.581821	-33.524311
2	0	3	15	-70.575554	-33.524061
2	0	3	16	-70.571659	-33.518807
2	0	3	17	-70.571196	-33.518019
2	0	3	18	-70.577258	-33.510823
2	0	3	19	-70.570213	-33.51395
2	0	3	20	-70.564395	-33.519503
2	0	3	21	-70.564674	-33.523643
2	0	3	22	-70.557503	-33.524269
2	0	3	23	-70.557169	-33.525703
2	0	3	24	-70.539869	-33.518314
2	0	3	25	-70.539929	-33.515269
2	0	3	26	-70.537272	-33.516164
2	0	3	27	-70.527352	-33.51288
2	0	3	28	-70.524522	-33.510282
2	0	3	29	-70.525211	-33.517282
2	0	3	30	-70.5243	-33.520276
3	0	4	1	-70.912913	-33.536785
3	0	4	2	-70.984955	-33.57721
3	0	4	3	-71.084938	-33.496187
3	0	4	4	-71.084942	-33.496187
3	0	4	5	-71.187328	-33.590215
3	0	4	6	-71.216834	-33.588055
3	0	4	7	-71.209967	-33.569019
3	0	4	8	-71.294274	-33.462687
4	0	5	1	-70.710481	-33.411001
4	0	5	2	-70.709021	-33.41211
4	0	5	3	-70.698733	-33.426536
4	0	5	4	-70.704364	-33.433589
4	0	5	5	-70.703424	-33.435922
4	0	5	6	-70.70506	-33.436177
4	0	5	7	-70.704048	-33.436613
4	0	5	8	-70.700244	-33.441441
4	0	5	9	-70.700975	-33.450011
4	0	5	10	-70.706557	-33.459978
4	0	5	11	-70.711393	-33.465535
4	0	5	12	-70.702011	-33.468355
4	0	5	13	-70.695031	-33.473393
4	0	5	14	-70.688885	-33.468227
4	0	5	15	-70.69815	-33.452288
4	0	5	16	-70.697857	-33.452171
4	0	5	17	-70.69741	-33.443393
4	0	5	18	-70.692574	-33.440795
4	0	5	19	-70.690527	-33.438938
4	0	5	20	-70.688241	-33.423988
4	0	5	21	-70.695663	-33.420164
4	1	6	1	-70.715052	-33.433017
4	1	6	2	-70.706302	-33.448093
4	1	6	3	-70.704427	-33.456687
4	1	6	4	-70.72208	-33.457394
4	1	6	5	-70.730196	-33.465478
5	0	7	1	-70.767291	-33.488694
5	0	7	2	-70.757656	-33.495258
5	0	7	3	-70.755374	-33.498425
5	0	7	4	-70.761659	-33.504358
5	0	7	5	-70.762412	-33.506803
5	0	7	6	-70.756028	-33.515515
5	0	7	7	-70.754837	-33.52517
5	0	7	8	-70.750595	-33.53358
5	0	7	9	-70.76563	-33.533364
5	0	7	10	-70.771398	-33.535033
5	0	7	11	-70.772704	-33.53939
5	0	7	12	-70.771008	-33.540527
5	0	7	13	-70.766336	-33.55033
5	0	7	14	-70.774422	-33.53844
5	0	7	15	-70.780389	-33.532075
5	0	7	16	-70.777939	-33.528025
5	0	7	17	-70.770438	-33.526765
5	0	7	18	-70.764155	-33.519209
5	0	7	19	-70.770527	-33.511437
5	0	7	20	-70.790032	-33.503969
5	0	7	21	-70.780661	-33.503532
5	0	7	22	-70.773466	-33.487564
5	1	8	1	-70.797779	-33.509788
5	1	8	2	-70.78741	-33.524089
5	1	8	3	-70.783349	-33.530072
5	1	8	4	-70.783756	-33.536252
5	1	8	5	-70.783697	-33.536427
5	1	8	6	-70.782431	-33.542128
5	1	8	7	-70.78914	-33.545565
5	1	8	8	-70.790229	-33.544472
6	0	9	1	-70.746503	-33.469117
6	0	9	2	-70.747018	-33.470245
6	0	9	3	-70.744428	-33.475594
6	0	9	4	-70.744486	-33.476852
6	0	9	5	-70.741728	-33.480273
6	0	9	6	-70.739722	-33.478376
6	0	9	7	-70.736007	-33.476659
6	0	9	8	-70.736745	-33.470077
6	0	9	9	-70.725491	-33.475638
6	0	9	10	-70.725015	-33.476524
6	0	9	11	-70.726138	-33.480168
6	0	9	12	-70.734265	-33.479722
6	0	9	13	-70.740708	-33.487461
6	0	9	14	-70.73467	-33.488586
6	0	9	15	-70.736244	-33.489658
6	0	9	16	-70.736907	-33.499578
6	0	9	17	-70.754045	-33.496117
6	0	9	18	-70.761102	-33.491398
6	0	9	19	-70.766787	-33.482976
6	0	9	20	-70.760758	-33.482701
6	0	9	21	-70.761072	-33.478855
6	0	9	22	-70.75582	-33.477528
6	0	9	23	-70.754166	-33.475123
6	0	9	24	-70.755497	-33.471225
6	0	9	25	-70.760568	-33.465563
6	1	10	1	-70.68854	-33.484503
6	1	10	2	-70.720784	-33.500592
6	1	10	3	-70.717369	-33.509044
6	1	10	4	-70.704568	-33.511233
6	1	10	5	-70.717856	-33.527294
7	0	11	1	-70.758077	-33.38737
7	0	11	2	-70.773045	-33.397509
7	0	11	3	-70.759095	-33.405053
7	0	11	4	-70.762139	-33.418778
7	0	11	5	-70.755861	-33.418461
7	0	11	6	-70.750932	-33.414626
7	0	11	7	-70.742291	-33.406145
7	0	11	8	-70.733318	-33.40247
7	0	11	9	-70.729363	-33.408473
7	0	11	10	-70.718485	-33.40183
7	0	11	11	-70.708731	-33.399803
7	0	11	12	-70.710485	-33.403265
7	0	11	13	-70.716493	-33.405421
7	0	11	14	-70.717359	-33.415286
7	0	11	15	-70.721284	-33.421938
7	0	11	16	-70.746309	-33.417285
7	0	11	17	-70.748285	-33.418405
7	0	11	18	-70.75009	-33.42627
7	0	11	19	-70.742334	-33.425737
7	0	11	20	-70.742673	-33.43016
7	0	11	21	-70.742069	-33.431745
7	0	11	22	-70.746631	-33.433248
7	0	11	23	-70.754911	-33.440596
7	0	11	24	-70.761688	-33.439134
7	0	11	25	-70.772303	-33.438435
7	0	11	26	-70.776513	-33.434899
7	0	11	27	-70.816255	-33.438582
7	0	11	28	-70.803063	-33.441157
7	0	11	29	-70.800237	-33.441697
7	0	11	30	-70.79306	-33.442997
7	0	11	31	-70.776473	-33.44854
7	0	11	32	-70.76265	-33.451164
7	0	11	33	-70.758805	-33.451225
7	0	11	34	-70.761125	-33.45243
7	0	11	35	-70.763485	-33.452723
7	0	11	36	-70.763107	-33.456417
7	0	11	37	-70.759289	-33.45656
7	0	11	38	-70.751093	-33.455736
7	0	11	39	-70.736308	-33.458723
7	0	11	40	-70.738554	-33.464808
7	0	11	41	-70.738643	-33.464965
8	0	12	1	-70.604822	-33.446936
8	0	12	2	-70.605736	-33.448035
8	0	12	3	-70.606306	-33.449867
8	0	12	4	-70.605788	-33.453105
8	0	12	5	-70.605913	-33.455624
8	0	12	6	-70.607224	-33.455776
8	0	12	7	-70.607125	-33.458164
8	0	12	8	-70.609379	-33.457529
8	0	12	9	-70.610806	-33.456647
8	0	12	10	-70.609755	-33.455154
8	0	12	11	-70.611429	-33.455659
8	0	12	12	-70.612672	-33.455716
8	0	12	13	-70.613333	-33.454774
8	0	12	14	-70.612778	-33.453493
8	0	12	15	-70.612742	-33.452118
8	0	12	16	-70.612827	-33.451503
8	0	12	17	-70.613667	-33.453942
8	0	12	18	-70.615385	-33.45459
8	0	12	19	-70.614028	-33.455971
8	0	12	20	-70.617239	-33.457628
8	0	12	21	-70.618273	-33.456354
8	0	12	22	-70.618563	-33.45628
8	0	12	23	-70.622094	-33.45804
8	0	12	24	-70.625357	-33.45722
8	0	12	25	-70.625105	-33.455079
8	0	12	26	-70.624807	-33.451069
8	0	12	27	-70.624798	-33.451043
8	0	12	28	-70.625905	-33.451448
8	0	12	29	-70.626233	-33.451134
8	0	12	30	-70.626258	-33.451141
8	0	12	31	-70.628365	-33.450979
8	0	12	32	-70.626383	-33.448882
8	0	12	33	-70.628441	-33.447265
8	1	13	1	-70.625819	-33.46057
8	1	13	2	-70.624993	-33.462707
8	1	13	3	-70.624616	-33.463651
8	1	13	4	-70.620779	-33.463073
9	0	14	1	-70.58196	-33.434915
9	0	14	2	-70.580941	-33.435624
9	0	14	3	-70.579325	-33.436847
9	0	14	4	-70.57574	-33.437977
9	0	14	5	-70.575395	-33.43957
9	0	14	6	-70.57786	-33.439844
9	0	14	7	-70.5756	-33.441818
9	0	14	8	-70.574757	-33.443238
9	0	14	9	-70.572579	-33.443331
9	0	14	10	-70.571609	-33.449006
9	0	14	11	-70.572801	-33.449471
9	0	14	12	-70.573715	-33.452894
9	0	14	13	-70.574354	-33.453132
9	0	14	14	-70.573757	-33.453286
9	0	14	15	-70.571013	-33.455503
9	0	14	16	-70.573007	-33.456622
9	0	14	17	-70.573615	-33.456603
9	0	14	18	-70.573833	-33.456231
9	0	14	19	-70.575188	-33.456713
9	0	14	20	-70.574996	-33.461453
9	0	14	21	-70.578168	-33.456967
9	0	14	22	-70.578159	-33.456926
9	0	14	23	-70.577819	-33.456955
9	0	14	24	-70.57524	-33.455051
9	0	14	25	-70.577498	-33.454336
9	0	14	26	-70.578411	-33.453665
9	0	14	27	-70.576513	-33.451498
9	0	14	28	-70.577559	-33.44988
9	0	14	29	-70.579677	-33.449064
9	0	14	30	-70.576993	-33.446754
9	0	14	31	-70.577358	-33.446392
9	0	14	32	-70.580436	-33.443045
9	0	14	33	-70.580201	-33.442031
9	0	14	34	-70.585593	-33.43765
9	1	15	1	-70.590249	-33.447317
9	1	15	2	-70.589402	-33.446859
10	0	16	1	-70.604232	-33.455728
10	0	16	2	-70.604009	-33.455814
10	0	16	3	-70.602946	-33.456195
10	0	16	4	-70.601505	-33.457731
10	0	16	5	-70.60117	-33.456105
10	0	16	6	-70.598506	-33.453996
10	0	16	7	-70.596306	-33.454248
10	0	16	8	-70.59621	-33.453004
10	0	16	9	-70.595986	-33.451602
10	0	16	10	-70.599527	-33.451469
10	0	16	11	-70.602361	-33.451078
10	0	16	12	-70.604207	-33.450236
10	0	16	13	-70.601621	-33.448308
10	0	16	14	-70.600819	-33.447574
10	0	16	15	-70.600563	-33.447106
10	0	16	16	-70.598968	-33.446968
10	0	16	17	-70.596008	-33.446779
10	0	16	18	-70.596689	-33.447766
10	0	16	19	-70.59763	-33.448768
10	0	16	20	-70.59155	-33.44958
10	0	16	21	-70.590184	-33.449344
10	0	16	22	-70.5931	-33.451637
10	0	16	23	-70.593087	-33.452289
10	0	16	24	-70.591906	-33.454975
10	0	16	25	-70.589912	-33.455844
10	0	16	26	-70.588252	-33.454521
10	0	16	27	-70.588343	-33.455642
10	0	16	28	-70.588454	-33.455811
10	0	16	29	-70.590036	-33.457774
10	0	16	30	-70.588892	-33.458305
10	0	16	31	-70.589478	-33.461749
10	0	16	32	-70.593954	-33.461733
10	0	16	33	-70.59385	-33.459078
10	0	16	34	-70.598333	-33.460363
10	0	16	35	-70.600308	-33.460887
10	0	16	36	-70.600359	-33.460859
10	0	16	37	-70.600176	-33.462802
10	0	16	38	-70.596841	-33.467639
11	0	17	1	-70.544824	-33.465006
11	0	17	2	-70.539363	-33.472699
11	0	17	3	-70.542237	-33.482306
11	0	17	4	-70.537343	-33.495362
11	0	17	5	-70.538435	-33.497584
11	0	17	6	-70.548197	-33.50379
11	0	17	7	-70.547798	-33.505698
11	0	17	8	-70.546006	-33.506974
11	0	17	9	-70.548973	-33.506523
11	0	17	10	-70.548791	-33.507566
11	0	17	11	-70.552443	-33.510083
11	0	17	12	-70.552681	-33.50683
11	0	17	13	-70.559256	-33.504389
11	0	17	14	-70.55749	-33.498713
11	0	17	15	-70.556882	-33.495256
11	0	17	16	-70.553134	-33.49861
11	0	17	17	-70.55217	-33.495655
11	0	17	18	-70.552187	-33.494746
11	0	17	19	-70.5522	-33.494681
11	0	17	20	-70.545884	-33.493145
11	0	17	21	-70.545795	-33.489282
11	0	17	22	-70.552374	-33.486238
11	0	17	23	-70.549174	-33.481885
11	0	17	24	-70.562226	-33.465547
11	0	17	25	-70.566773	-33.46397
11	1	18	1	-70.577219	-33.48841
11	1	18	2	-70.571419	-33.489852
11	1	18	3	-70.57531	-33.490665
11	1	18	4	-70.579538	-33.49253
11	1	18	5	-70.581085	-33.49331
11	1	18	6	-70.579287	-33.494685
12	0	19	1	-70.601612	-33.410482
12	0	19	2	-70.602142	-33.412496
12	0	19	3	-70.597561	-33.413473
12	0	19	4	-70.593699	-33.41355
12	0	19	5	-70.59313	-33.414395
12	0	19	6	-70.590928	-33.411835
12	0	19	7	-70.588757	-33.413171
12	0	19	8	-70.585581	-33.416029
12	0	19	9	-70.58552	-33.416097
12	0	19	10	-70.584076	-33.415926
12	0	19	11	-70.586081	-33.417469
12	0	19	12	-70.588499	-33.419075
12	0	19	13	-70.588657	-33.421886
12	0	19	14	-70.588801	-33.42383
12	0	19	15	-70.588854	-33.425235
12	0	19	16	-70.588589	-33.425555
12	0	19	17	-70.588931	-33.425623
12	0	19	18	-70.590919	-33.425725
12	0	19	19	-70.591349	-33.425291
12	0	19	20	-70.593354	-33.422093
12	0	19	21	-70.59285	-33.419087
12	0	19	22	-70.592506	-33.417876
12	0	19	23	-70.591951	-33.417957
12	0	19	24	-70.58956	-33.417193
12	0	19	25	-70.591792	-33.416994
12	0	19	26	-70.595131	-33.417523
12	0	19	27	-70.599674	-33.416384
12	0	19	28	-70.600665	-33.415151
12	0	19	29	-70.602869	-33.414652
12	0	19	30	-70.603354	-33.415544
12	1	20	1	-70.587716	-33.407628
12	1	20	2	-70.585315	-33.408197
12	1	20	3	-70.584306	-33.408261
12	1	20	4	-70.586552	-33.412635
12	1	20	5	-70.587143	-33.413141
13	0	21	1	-70.568433	-33.410917
13	0	21	2	-70.568436	-33.412826
13	0	21	3	-70.567103	-33.412289
13	0	21	4	-70.566825	-33.412495
13	0	21	5	-70.566643	-33.412494
13	0	21	6	-70.566677	-33.411363
13	0	21	7	-70.56714	-33.410509
13	0	21	8	-70.565872	-33.410802
13	0	21	9	-70.565818	-33.411027
13	0	21	10	-70.565055	-33.410731
13	0	21	11	-70.562699	-33.414016
13	0	21	12	-70.561177	-33.415424
13	0	21	13	-70.559656	-33.418464
13	0	21	14	-70.559038	-33.421253
13	0	21	15	-70.559277	-33.420742
13	0	21	16	-70.560217	-33.419178
13	0	21	17	-70.561303	-33.41879
13	0	21	18	-70.562226	-33.416904
13	0	21	19	-70.564502	-33.415153
13	0	21	20	-70.566835	-33.415616
13	0	21	21	-70.566538	-33.416039
13	0	21	22	-70.56716	-33.417338
13	0	21	23	-70.56719	-33.417333
13	0	21	24	-70.56773	-33.418274
13	0	21	25	-70.568103	-33.418484
13	0	21	26	-70.569269	-33.419103
13	0	21	27	-70.569879	-33.42015
13	0	21	28	-70.570089	-33.420225
13	0	21	29	-70.570915	-33.418906
13	0	21	30	-70.571065	-33.418752
13	0	21	31	-70.5712	-33.417174
13	0	21	32	-70.57209	-33.416919
13	0	21	33	-70.572664	-33.417377
13	0	21	34	-70.573135	-33.415954
13	1	22	1	-70.568284	-33.424259
14	0	23	1	-70.531783	-33.401047
14	0	23	2	-70.525999	-33.405386
14	0	23	3	-70.526003	-33.40542
14	0	23	4	-70.525173	-33.40954
14	0	23	5	-70.520687	-33.40692
14	0	23	6	-70.523022	-33.400562
14	0	23	7	-70.519465	-33.398681
14	0	23	8	-70.515706	-33.398259
14	0	23	9	-70.514163	-33.399191
14	0	23	10	-70.51165	-33.400333
14	0	23	11	-70.511733	-33.404425
14	0	23	12	-70.511332	-33.405181
14	0	23	13	-70.511178	-33.406909
14	0	23	14	-70.51075	-33.407783
14	0	23	15	-70.512188	-33.407156
14	0	23	16	-70.513323	-33.408052
14	0	23	17	-70.511446	-33.414925
14	0	23	18	-70.507284	-33.417987
14	0	23	19	-70.505937	-33.418389
14	0	23	20	-70.506594	-33.40873
14	0	23	21	-70.50232	-33.402666
14	0	23	22	-70.506277	-33.39108
14	0	23	23	-70.511128	-33.389685
14	0	23	24	-70.518813	-33.393676
14	0	23	25	-70.527618	-33.390279
14	0	23	26	-70.530225	-33.387733
14	1	24	1	-70.537934	-33.386075
14	1	24	2	-70.52348	-33.379525
14	1	24	3	-70.51539	-33.372637
14	1	24	4	-70.51463	-33.371964
14	1	24	5	-70.504395	-33.370721
14	1	24	6	-70.496066	-33.36933
14	1	24	7	-70.498783	-33.389391
14	1	24	8	-70.498488	-33.389484
15	0	25	1	-70.581292	-33.414221
15	0	25	2	-70.581952	-33.416683
15	0	25	3	-70.582304	-33.41796
15	0	25	4	-70.582232	-33.418066
15	0	25	5	-70.578752	-33.420057
15	0	25	6	-70.577479	-33.420513
15	0	25	7	-70.576572	-33.421732
15	0	25	8	-70.574596	-33.419678
15	0	25	9	-70.573802	-33.419077
15	0	25	10	-70.5736	-33.4207
15	0	25	11	-70.573035	-33.421066
15	0	25	12	-70.572279	-33.423902
15	0	25	13	-70.572732	-33.426215
15	0	25	14	-70.571791	-33.430307
15	0	25	15	-70.573125	-33.430237
15	0	25	16	-70.573977	-33.430129
15	0	25	17	-70.57453	-33.430152
15	0	25	18	-70.576809	-33.426925
15	0	25	19	-70.57719	-33.427335
15	0	25	20	-70.577694	-33.427317
15	0	25	21	-70.578911	-33.425458
15	0	25	22	-70.581638	-33.430827
15	0	25	23	-70.587741	-33.428251
15	0	25	24	-70.587079	-33.427534
15	0	25	25	-70.58786	-33.426624
15	0	25	26	-70.587385	-33.425507
15	0	25	27	-70.585134	-33.42602
15	0	25	28	-70.582065	-33.424131
15	0	25	29	-70.581346	-33.421107
15	0	25	30	-70.582717	-33.422365
15	0	25	31	-70.583482	-33.423673
15	0	25	32	-70.584962	-33.423111
15	1	26	1	-70.574693	-33.425603
15	1	26	2	-70.567939	-33.42829
15	1	26	3	-70.567728	-33.42931
16	0	27	1	-70.56897	-33.399843
16	0	27	2	-70.567608	-33.398197
16	0	27	3	-70.567419	-33.397726
16	0	27	4	-70.56549	-33.399002
16	0	27	5	-70.565143	-33.396098
16	0	27	6	-70.564473	-33.396565
16	0	27	7	-70.561091	-33.395704
16	0	27	8	-70.560269	-33.396139
16	0	27	9	-70.559337	-33.400145
16	0	27	10	-70.557851	-33.40026
16	0	27	11	-70.55613	-33.400893
16	0	27	12	-70.556152	-33.401806
16	0	27	13	-70.555027	-33.403077
16	0	27	14	-70.555065	-33.403113
16	0	27	15	-70.558631	-33.407067
16	0	27	16	-70.559827	-33.40561
16	0	27	17	-70.55953	-33.404673
16	0	27	18	-70.561326	-33.404135
16	0	27	19	-70.561682	-33.40332
16	0	27	20	-70.560905	-33.402664
16	0	27	21	-70.563668	-33.401226
16	0	27	22	-70.564792	-33.404623
16	0	27	23	-70.563925	-33.406994
16	0	27	24	-70.565682	-33.40577
16	0	27	25	-70.56638	-33.404964
16	0	27	26	-70.566445	-33.404803
16	0	27	27	-70.56648	-33.404686
16	1	28	1	-70.559782	-33.394306
16	1	28	2	-70.55812	-33.395134
16	1	28	3	-70.55821	-33.39375
16	1	28	4	-70.554474	-33.392896
16	1	28	5	-70.554355	-33.392891
16	1	28	6	-70.55286	-33.394708
16	1	28	7	-70.547442	-33.393105
16	1	28	8	-70.550264	-33.395099
17	0	29	1	-70.580936	-33.4119
17	0	29	2	-70.578508	-33.41104
17	0	29	3	-70.577441	-33.411223
17	0	29	4	-70.577169	-33.411289
17	0	29	5	-70.577283	-33.411372
17	0	29	6	-70.578095	-33.413104
17	0	29	7	-70.57604	-33.413142
17	0	29	8	-70.57553	-33.412557
17	0	29	9	-70.569986	-33.411745
17	0	29	10	-70.569123	-33.411253
17	0	29	11	-70.566615	-33.405496
17	0	29	12	-70.566618	-33.404758
17	0	29	13	-70.566741	-33.404892
17	0	29	14	-70.569701	-33.406838
17	0	29	15	-70.569944	-33.406833
17	0	29	16	-70.570143	-33.406831
17	0	29	17	-70.571531	-33.406232
17	0	29	18	-70.572107	-33.406038
17	0	29	19	-70.573457	-33.405515
17	0	29	20	-70.575102	-33.408161
17	0	29	21	-70.57519	-33.409083
17	0	29	22	-70.575012	-33.409763
17	0	29	23	-70.576459	-33.410266
17	0	29	24	-70.5768	-33.4108
17	0	29	25	-70.576702	-33.410251
17	0	29	26	-70.577148	-33.409419
17	0	29	27	-70.576421	-33.408105
17	0	29	28	-70.581156	-33.407097
17	1	30	1	-70.584368	-33.406122
17	1	30	2	-70.581133	-33.403286
17	1	30	3	-70.572002	-33.400648
17	1	30	4	-70.569932	-33.400136
17	1	30	5	-70.569819	-33.400314
17	1	30	6	-70.569523	-33.400145
18	0	31	1	-70.558773	-33.418787
18	0	31	2	-70.557613	-33.418657
18	0	31	3	-70.557433	-33.418501
18	0	31	4	-70.556464	-33.417856
18	0	31	5	-70.55503	-33.416711
18	0	31	6	-70.554029	-33.418037
18	0	31	7	-70.552156	-33.42131
18	0	31	8	-70.545212	-33.425566
18	0	31	9	-70.544195	-33.428996
18	0	31	10	-70.539008	-33.426832
18	0	31	11	-70.536438	-33.422209
18	0	31	12	-70.538576	-33.420886
18	0	31	13	-70.539125	-33.42094
18	0	31	14	-70.540151	-33.421438
18	0	31	15	-70.537686	-33.419834
18	0	31	16	-70.543323	-33.417861
18	0	31	17	-70.545218	-33.41601
18	0	31	18	-70.55249	-33.413593
18	0	31	19	-70.549327	-33.411222
18	0	31	20	-70.546606	-33.409405
18	0	31	21	-70.547258	-33.406305
18	0	31	22	-70.546426	-33.403203
18	0	31	23	-70.546613	-33.400992
18	0	31	24	-70.551118	-33.405347
18	0	31	25	-70.555713	-33.405604
18	0	31	26	-70.555803	-33.404653
18	1	32	1	-70.544487	-33.392362
18	1	32	2	-70.540829	-33.390269
18	1	32	3	-70.531947	-33.404233
18	1	32	4	-70.534221	-33.413029
18	1	32	5	-70.533311	-33.41456
18	1	32	6	-70.536878	-33.41357
18	1	32	7	-70.539055	-33.412242
18	1	32	8	-70.541009	-33.417099
19	0	33	1	-70.567438	-33.439934
19	0	33	2	-70.566511	-33.440424
19	0	33	3	-70.566634	-33.442979
19	0	33	4	-70.569474	-33.451484
19	0	33	5	-70.569632	-33.451561
19	0	33	6	-70.566376	-33.457166
19	0	33	7	-70.558347	-33.448068
19	0	33	8	-70.556846	-33.444218
19	0	33	9	-70.55572	-33.43964
19	0	33	10	-70.551843	-33.439606
19	0	33	11	-70.551213	-33.43778
19	0	33	12	-70.553495	-33.431315
19	0	33	13	-70.546575	-33.434484
19	0	33	14	-70.546397	-33.438004
19	0	33	15	-70.541552	-33.436792
19	0	33	16	-70.538295	-33.43707
19	0	33	17	-70.538509	-33.440621
19	0	33	18	-70.546816	-33.446278
19	0	33	19	-70.54185	-33.446195
19	0	33	20	-70.536021	-33.443864
19	0	33	21	-70.524941	-33.433908
19	0	33	22	-70.526181	-33.440737
19	0	33	23	-70.530147	-33.445924
19	0	33	24	-70.522128	-33.456215
20	0	34	1	-70.852714	-33.597046
20	0	34	2	-70.839847	-33.609538
20	0	34	3	-70.861592	-33.613344
20	0	34	4	-70.867388	-33.603934
20	0	34	5	-70.88116	-33.611864
20	0	34	6	-70.890028	-33.609731
20	0	34	7	-70.916976	-33.628494
20	0	34	8	-70.951145	-33.674771
20	0	34	9	-70.92787	-33.663544
20	0	34	10	-70.926279	-33.660621
20	0	34	11	-70.925281	-33.661314
20	0	34	12	-70.90992	-33.655055
20	0	34	13	-70.905314	-33.664507
20	0	34	14	-70.857367	-33.734945
20	0	34	15	-70.889014	-33.753555
20	0	34	16	-70.8988	-33.755043
20	0	34	17	-70.910522	-33.760252
21	0	35	1	-70.822945	-33.55962
21	0	35	2	-70.828392	-33.562842
21	0	35	3	-70.834133	-33.560927
21	0	35	4	-70.830887	-33.569588
21	0	35	5	-70.831668	-33.573016
21	0	35	6	-70.822719	-33.57103
21	0	35	7	-70.805797	-33.564932
21	0	35	8	-70.788248	-33.563581
21	0	35	9	-70.78368	-33.56098
21	0	35	10	-70.783498	-33.558241
21	0	35	11	-70.7808	-33.558478
21	0	35	12	-70.775606	-33.557925
21	0	35	13	-70.780057	-33.562449
21	0	35	14	-70.78194	-33.566319
21	0	35	15	-70.776058	-33.576617
21	0	35	16	-70.788281	-33.585221
21	0	35	17	-70.794965	-33.589758
21	0	35	18	-70.804001	-33.589107
22	0	36	1	-70.63841	-33.479932
22	0	36	2	-70.621838	-33.487333
22	0	36	3	-70.615705	-33.490782
22	0	36	4	-70.616905	-33.493297
22	0	36	5	-70.616063	-33.501045
22	0	36	6	-70.613333	-33.502303
22	0	36	7	-70.609561	-33.491477
22	0	36	8	-70.606573	-33.485666
22	0	36	9	-70.604766	-33.487372
22	0	36	10	-70.601033	-33.48738
22	0	36	11	-70.597029	-33.484194
22	0	36	12	-70.596659	-33.484599
22	0	36	13	-70.596593	-33.484605
22	0	36	14	-70.597738	-33.486538
22	0	36	15	-70.598711	-33.489759
22	0	36	16	-70.59371	-33.493968
22	0	36	17	-70.591188	-33.50537
22	0	36	18	-70.587882	-33.500971
22	0	36	19	-70.586932	-33.498383
22	0	36	20	-70.588948	-33.488481
22	0	36	21	-70.585093	-33.488671
22	0	36	22	-70.581248	-33.483054
22	0	36	23	-70.585884	-33.48213
22	0	36	24	-70.589227	-33.484085
22	0	36	25	-70.592308	-33.482583
22	0	36	26	-70.597226	-33.482206
22	0	36	27	-70.597503	-33.479322
22	0	36	28	-70.600301	-33.479353
22	0	36	29	-70.600953	-33.476695
22	0	36	30	-70.625041	-33.471485
22	0	36	31	-70.625633	-33.470448
22	1	37	1	-70.625657	-33.513793
22	1	37	2	-70.615589	-33.512134
22	1	37	3	-70.611501	-33.512155
23	0	38	1	-70.691409	-33.522961
23	0	38	2	-70.694758	-33.527475
23	0	38	3	-70.679614	-33.523897
23	0	38	4	-70.667929	-33.523837
23	0	38	5	-70.668375	-33.531051
23	0	38	6	-70.674056	-33.539018
23	0	38	7	-70.674334	-33.543815
23	0	38	8	-70.671387	-33.542669
23	0	38	9	-70.659779	-33.552007
23	0	38	10	-70.659142	-33.554035
23	0	38	11	-70.682409	-33.567303
23	0	38	12	-70.67209	-33.570629
23	0	38	13	-70.670086	-33.583308
23	0	38	14	-70.66378	-33.581848
23	0	38	15	-70.657319	-33.579298
24	0	39	1	-70.659723	-33.52842
24	0	39	2	-70.654846	-33.544789
24	0	39	3	-70.640347	-33.578922
24	0	39	4	-70.627099	-33.565382
24	0	39	5	-70.62108	-33.562845
24	0	39	6	-70.626046	-33.547611
24	0	39	7	-70.635289	-33.552261
24	0	39	8	-70.638211	-33.543927
24	0	39	9	-70.641487	-33.536513
24	0	39	10	-70.645556	-33.528253
24	0	39	11	-70.642167	-33.520642
24	0	39	12	-70.640896	-33.518169
24	0	39	13	-70.620807	-33.521655
24	0	39	14	-70.61664	-33.513439
25	0	40	1	-70.654402	-33.482277
25	0	40	2	-70.654402	-33.482294
25	0	40	3	-70.654397	-33.482292
25	0	40	4	-70.651897	-33.483955
25	0	40	5	-70.651804	-33.483949
25	0	40	6	-70.650625	-33.484223
25	0	40	7	-70.650896	-33.48433
25	0	40	8	-70.656054	-33.487116
25	0	40	9	-70.653303	-33.489849
25	0	40	10	-70.653156	-33.490123
25	0	40	11	-70.65398	-33.49148
25	0	40	12	-70.65635	-33.496067
25	0	40	13	-70.658341	-33.496665
25	0	40	14	-70.654198	-33.497965
25	0	40	15	-70.655601	-33.500216
25	0	40	16	-70.659165	-33.49878
25	0	40	17	-70.663325	-33.504331
25	0	40	18	-70.658933	-33.505593
25	0	40	19	-70.656784	-33.509807
25	0	40	20	-70.655089	-33.509697
25	0	40	21	-70.654479	-33.509261
25	0	40	22	-70.655702	-33.507561
25	0	40	23	-70.653432	-33.502299
25	0	40	24	-70.653425	-33.502294
25	0	40	25	-70.652545	-33.50234
25	0	40	26	-70.650554	-33.502976
25	0	40	27	-70.64987	-33.495808
25	0	40	28	-70.642841	-33.490196
25	0	40	29	-70.64826	-33.486409
25	0	40	30	-70.647705	-33.479781
25	0	40	31	-70.647696	-33.479772
25	0	40	32	-70.652577	-33.477396
25	1	41	1	-70.673022	-33.479924
25	1	41	2	-70.665394	-33.483307
25	1	41	3	-70.675079	-33.493952
25	1	41	4	-70.667849	-33.497328
26	0	42	1	-70.682024	-33.371149
26	0	42	2	-70.673075	-33.375498
26	0	42	3	-70.667049	-33.376971
26	0	42	4	-70.665678	-33.377969
26	0	42	5	-70.658927	-33.38564
26	0	42	6	-70.659868	-33.387378
26	0	42	7	-70.653288	-33.390555
26	0	42	8	-70.645118	-33.391521
26	0	42	9	-70.645169	-33.392673
26	0	42	10	-70.635992	-33.391335
26	0	42	11	-70.630475	-33.394434
26	0	42	12	-70.628615	-33.392485
26	0	42	13	-70.622525	-33.401405
26	0	42	14	-70.62766	-33.401133
26	0	42	15	-70.633618	-33.406192
26	0	42	16	-70.636479	-33.406326
26	0	42	17	-70.637659	-33.397397
26	0	42	18	-70.652043	-33.398193
26	0	42	19	-70.655837	-33.39674
26	0	42	20	-70.659296	-33.395595
26	0	42	21	-70.661563	-33.397945
26	0	42	22	-70.661288	-33.394013
26	0	42	23	-70.663108	-33.387451
26	0	42	24	-70.672493	-33.387692
26	0	42	25	-70.675257	-33.385031
26	1	43	1	-70.692682	-33.366419
26	1	43	2	-70.683732	-33.384321
26	1	43	3	-70.673246	-33.411399
26	1	43	4	-70.666329	-33.417005
26	1	43	5	-70.664927	-33.41695
26	1	43	6	-70.66185	-33.410283
26	1	43	7	-70.664014	-33.40653
26	1	43	8	-70.65565	-33.410576
26	1	43	9	-70.651787	-33.406689
26	1	43	10	-70.643752	-33.419887
26	1	43	11	-70.639672	-33.425308
26	1	43	12	-70.643708	-33.430631
26	1	43	13	-70.641271	-33.43251
27	0	44	1	-70.683343	-33.360896
27	0	44	2	-70.673338	-33.361806
27	0	44	3	-70.668627	-33.365674
27	0	44	4	-70.665718	-33.367313
27	0	44	5	-70.668036	-33.365014
27	0	44	6	-70.668052	-33.364779
27	0	44	7	-70.667362	-33.363528
27	0	44	8	-70.670268	-33.360851
27	0	44	9	-70.667064	-33.360113
27	0	44	10	-70.666347	-33.359967
27	0	44	11	-70.664492	-33.351501
27	0	44	12	-70.667887	-33.351124
27	0	44	13	-70.668336	-33.346959
27	0	44	14	-70.667653	-33.34712
27	0	44	15	-70.662643	-33.346046
27	0	44	16	-70.661501	-33.343943
27	0	44	17	-70.667675	-33.342299
27	0	44	18	-70.670092	-33.342305
27	0	44	19	-70.674006	-33.344
27	0	44	20	-70.674184	-33.346336
27	0	44	21	-70.670722	-33.347127
27	0	44	22	-70.67325	-33.351718
27	0	44	23	-70.675755	-33.354734
27	0	44	24	-70.68321	-33.349145
27	0	44	25	-70.681726	-33.353093
27	0	44	26	-70.683424	-33.354943
27	0	44	27	-70.683799	-33.355583
27	1	45	1	-70.646227	-33.380094
27	1	45	2	-70.644107	-33.379073
27	1	45	3	-70.63876	-33.372928
27	1	45	4	-70.635184	-33.361748
27	1	45	5	-70.631376	-33.366939
27	1	45	6	-70.614933	-33.386499
27	1	45	7	-70.608724	-33.385544
27	1	45	8	-70.605857	-33.38599
27	1	45	9	-70.605439	-33.386223
28	0	46	1	-70.64229	-33.443525
28	0	46	2	-70.639712	-33.442187
28	0	46	3	-70.63825	-33.43979
28	0	46	4	-70.635168	-33.44219
28	0	46	5	-70.633984	-33.444282
28	0	46	6	-70.634775	-33.444492
28	0	46	7	-70.635413	-33.447866
28	0	46	8	-70.6384	-33.446664
28	0	46	9	-70.638631	-33.446068
28	0	46	10	-70.639269	-33.445006
28	0	46	11	-70.640168	-33.445329
28	0	46	12	-70.640097	-33.446426
28	0	46	13	-70.640937	-33.447373
28	0	46	14	-70.640798	-33.44811
28	0	46	15	-70.641345	-33.451197
28	0	46	16	-70.64073	-33.452483
28	0	46	17	-70.64073	-33.452483
28	0	46	18	-70.631991	-33.45292
28	0	46	19	-70.632178	-33.453309
28	0	46	20	-70.629918	-33.465988
28	0	46	21	-70.628029	-33.46679
28	0	46	22	-70.629427	-33.468054
28	0	46	23	-70.626173	-33.469008
28	0	46	24	-70.635257	-33.47651
29	0	47	1	-70.671571	-33.454329
29	0	47	2	-70.666332	-33.452414
29	0	47	3	-70.666325	-33.45135
29	0	47	4	-70.662621	-33.44863
29	0	47	5	-70.656507	-33.450024
29	0	47	6	-70.653201	-33.449835
29	0	47	7	-70.652443	-33.446771
29	0	47	8	-70.647016	-33.448403
29	0	47	9	-70.643363	-33.445845
29	0	47	10	-70.643378	-33.447324
29	0	47	11	-70.644881	-33.448631
29	0	47	12	-70.645284	-33.449686
29	0	47	13	-70.641652	-33.456101
29	0	47	14	-70.649036	-33.450346
29	0	47	15	-70.652872	-33.453181
29	0	47	16	-70.655347	-33.455432
29	0	47	17	-70.659867	-33.455303
29	0	47	18	-70.662591	-33.45484
29	0	47	19	-70.661043	-33.45589
29	0	47	20	-70.658037	-33.458105
29	0	47	21	-70.653416	-33.459324
29	0	47	22	-70.651855	-33.465974
29	0	47	23	-70.668547	-33.474906
29	0	47	24	-70.678836	-33.466973
30	0	48	1	-70.673399	-33.429706
30	0	48	2	-70.67516	-33.430253
30	0	48	3	-70.675084	-33.431449
30	0	48	4	-70.6705	-33.438552
30	0	48	5	-70.67109	-33.445167
30	0	48	6	-70.669035	-33.446686
30	0	48	7	-70.668838	-33.444007
30	0	48	8	-70.667309	-33.443663
30	0	48	9	-70.663217	-33.440924
30	0	48	10	-70.65976	-33.43322
30	0	48	11	-70.65667	-33.434254
30	0	48	12	-70.656115	-33.436444
30	0	48	13	-70.65777	-33.437045
30	0	48	14	-70.655979	-33.437844
30	0	48	15	-70.655686	-33.437674
30	0	48	16	-70.648037	-33.435973
30	0	48	17	-70.647098	-33.436755
30	0	48	18	-70.647216	-33.437564
30	0	48	19	-70.644928	-33.436662
30	0	48	20	-70.647204	-33.434256
31	0	49	1	-70.731454	-33.370058
31	0	49	2	-70.730182	-33.360979
31	0	49	3	-70.730183	-33.351482
31	0	49	4	-70.729971	-33.35074
31	0	49	5	-70.736298	-33.352266
31	0	49	6	-70.739364	-33.349387
31	0	49	7	-70.740261	-33.351683
31	0	49	8	-70.741379	-33.351573
31	0	49	9	-70.748266	-33.351625
31	0	49	10	-70.749526	-33.352289
31	0	49	11	-70.753512	-33.352465
31	0	49	12	-70.755983	-33.355154
31	0	49	13	-70.758446	-33.359977
31	0	49	14	-70.759902	-33.361641
31	0	49	15	-70.754135	-33.357921
31	0	49	16	-70.746679	-33.35795
31	0	49	17	-70.737541	-33.360714
31	0	49	18	-70.741187	-33.361039
31	0	49	19	-70.746797	-33.361052
31	0	49	20	-70.74674	-33.364256
31	0	49	21	-70.749035	-33.3697
31	0	49	22	-70.743702	-33.368513
31	0	49	23	-70.742893	-33.369295
31	1	50	1	-70.742882	-33.378981
32	0	51	1	-70.72811	-33.381269
32	0	51	2	-70.725658	-33.379967
32	0	51	3	-70.727172	-33.384926
32	0	51	4	-70.729595	-33.388426
32	0	51	5	-70.720948	-33.385381
32	0	51	6	-70.720235	-33.381723
32	0	51	7	-70.719644	-33.382253
32	0	51	8	-70.719231	-33.381976
32	0	51	9	-70.718303	-33.381376
32	0	51	10	-70.711721	-33.369555
32	0	51	11	-70.72084	-33.368545
32	0	51	12	-70.721914	-33.366952
32	0	51	13	-70.726942	-33.361621
32	0	51	14	-70.725157	-33.360688
32	0	51	15	-70.72	-33.362889
32	0	51	16	-70.719176	-33.364618
32	0	51	17	-70.71913	-33.36236
32	0	51	18	-70.71857	-33.36172
32	0	51	19	-70.716472	-33.361665
32	0	51	20	-70.715073	-33.361831
32	0	51	21	-70.721306	-33.352854
32	0	51	22	-70.710772	-33.359206
32	0	51	23	-70.692741	-33.359814
32	0	51	24	-70.69581	-33.341444
33	0	52	1	-70.574017	-33.386295
33	0	52	2	-70.571247	-33.382744
33	0	52	3	-70.565225	-33.385035
33	0	52	4	-70.567647	-33.388305
33	0	52	5	-70.567033	-33.392541
33	0	52	6	-70.564791	-33.394022
33	0	52	7	-70.562719	-33.393278
33	0	52	8	-70.561869	-33.394547
33	0	52	9	-70.55741	-33.38938
33	0	52	10	-70.552401	-33.377761
33	0	52	11	-70.550747	-33.376313
33	0	52	12	-70.550492	-33.375877
33	0	52	13	-70.548656	-33.376291
33	0	52	14	-70.546874	-33.377641
33	0	52	15	-70.546238	-33.375851
33	0	52	16	-70.546395	-33.375737
33	0	52	17	-70.547154	-33.371903
33	0	52	18	-70.560874	-33.374511
33	0	52	19	-70.567677	-33.373755
33	0	52	20	-70.571088	-33.376784
33	0	52	21	-70.576546	-33.371346
33	0	52	22	-70.57508	-33.365554
33	0	52	23	-70.581178	-33.369306
33	1	53	1	-70.555661	-33.386955
33	1	53	2	-70.548378	-33.387623
33	1	53	3	-70.545709	-33.386662
33	1	53	4	-70.553373	-33.383866
33	1	53	5	-70.559266	-33.383027
33	1	53	6	-70.557127	-33.379446
33	1	53	7	-70.546411	-33.379871
33	1	53	8	-70.5437	-33.377966
33	1	53	9	-70.537194	-33.379986
33	1	53	10	-70.524729	-33.373961
33	1	53	11	-70.519843	-33.371465
34	0	54	1	-70.599387	-33.402994
34	0	54	2	-70.596704	-33.404681
34	0	54	3	-70.586505	-33.40249
34	0	54	4	-70.58518	-33.402142
34	0	54	5	-70.584176	-33.402234
34	0	54	6	-70.577482	-33.399082
34	0	54	7	-70.574621	-33.398937
34	0	54	8	-70.576968	-33.397828
34	0	54	9	-70.577417	-33.396092
34	0	54	10	-70.578197	-33.3969
34	0	54	11	-70.5794	-33.398576
34	0	54	12	-70.585004	-33.399467
34	0	54	13	-70.585788	-33.395757
34	0	54	14	-70.579863	-33.3893
34	0	54	15	-70.579499	-33.387595
34	0	54	16	-70.57724	-33.381542
34	0	54	17	-70.581263	-33.383212
34	0	54	18	-70.583674	-33.38864
34	0	54	19	-70.5905	-33.387734
34	0	54	20	-70.588103	-33.390559
34	0	54	21	-70.590263	-33.392266
34	0	54	22	-70.590403	-33.393498
34	0	54	23	-70.59259	-33.391456
34	0	54	24	-70.595497	-33.392307
34	0	54	25	-70.595064	-33.392905
34	0	54	26	-70.593259	-33.395216
34	0	54	27	-70.599341	-33.39666
34	0	54	28	-70.60029	-33.3974
34	1	55	1	-70.591596	-33.382016
34	1	55	2	-70.589445	-33.380375
34	1	55	3	-70.588693	-33.398261
34	1	55	4	-70.590882	-33.39879
34	1	55	5	-70.5936	-33.404226
34	1	55	6	-70.592376	-33.405152
35	0	56	1	-70.515651	-33.355766
35	0	56	2	-70.513952	-33.350976
35	0	56	3	-70.504348	-33.35484
35	0	56	4	-70.50757	-33.368382
35	0	56	5	-70.488311	-33.363876
35	0	56	6	-70.473235	-33.351935
35	0	56	7	-70.47242	-33.344638
35	0	56	8	-70.493347	-33.346798
35	0	56	9	-70.50196	-33.340476
35	0	56	10	-70.504345	-33.340651
35	0	56	11	-70.506848	-33.336088
35	0	56	12	-70.50263	-33.331401
35	0	56	13	-70.504131	-33.328176
35	0	56	14	-70.50777	-33.331428
35	0	56	15	-70.512593	-33.330771
35	0	56	16	-70.514548	-33.323495
35	0	56	17	-70.515555	-33.323068
35	0	56	18	-70.517115	-33.321991
36	0	57	1	-70.553469	-33.345619
36	0	57	2	-70.546465	-33.34981
36	0	57	3	-70.542287	-33.351835
36	0	57	4	-70.544958	-33.358611
36	0	57	5	-70.54307	-33.362257
36	0	57	6	-70.5393	-33.3624
36	0	57	7	-70.538971	-33.359945
36	0	57	8	-70.536627	-33.360906
36	0	57	9	-70.535605	-33.359899
36	0	57	10	-70.528577	-33.360536
36	0	57	11	-70.528502	-33.362541
36	0	57	12	-70.524119	-33.366666
36	0	57	13	-70.51706	-33.364459
36	0	57	14	-70.516821	-33.362681
36	0	57	15	-70.520658	-33.356554
36	0	57	16	-70.536003	-33.354053
36	0	57	17	-70.534151	-33.352057
36	0	57	18	-70.535449	-33.351108
36	0	57	19	-70.538345	-33.350187
36	0	57	20	-70.541957	-33.34456
36	0	57	21	-70.537092	-33.337083
36	0	57	22	-70.540028	-33.336222
36	0	57	23	-70.547302	-33.332228
36	1	58	1	-70.570008	-33.314034
36	1	58	2	-70.565458	-33.318326
36	1	58	3	-70.564163	-33.319798
36	1	58	4	-70.547939	-33.327174
36	1	58	5	-70.546114	-33.326581
36	1	58	6	-70.5436	-33.327269
36	1	58	7	-70.545222	-33.330132
36	1	58	8	-70.530406	-33.335428
36	1	58	9	-70.523639	-33.332458
36	1	58	10	-70.521161	-33.331238
36	1	58	11	-70.52294	-33.330906
36	1	58	12	-70.528073	-33.33113
36	1	58	13	-70.547245	-33.315714
37	0	59	1	-70.60377	-33.435005
37	0	59	2	-70.604113	-33.437312
37	0	59	3	-70.601771	-33.437698
37	0	59	4	-70.600316	-33.438606
37	0	59	5	-70.600795	-33.437593
37	0	59	6	-70.600638	-33.437471
37	0	59	7	-70.60151	-33.436169
37	0	59	8	-70.600902	-33.434508
37	0	59	9	-70.6009	-33.433378
37	0	59	10	-70.600766	-33.433065
37	0	59	11	-70.601234	-33.431791
37	0	59	12	-70.600278	-33.431443
37	0	59	13	-70.599828	-33.430975
37	0	59	14	-70.599522	-33.430502
37	0	59	15	-70.599573	-33.433106
37	0	59	16	-70.59903	-33.435867
37	0	59	17	-70.595573	-33.435601
37	0	59	18	-70.592058	-33.434125
37	0	59	19	-70.585919	-33.434921
37	0	59	20	-70.587531	-33.431849
37	0	59	21	-70.590061	-33.430822
37	0	59	22	-70.589648	-33.428558
37	0	59	23	-70.59157	-33.428755
37	0	59	24	-70.591903	-33.428072
37	0	59	25	-70.591633	-33.427124
37	0	59	26	-70.593494	-33.429568
37	0	59	27	-70.593955	-33.429364
37	0	59	28	-70.594523	-33.429915
37	0	59	29	-70.595083	-33.429891
37	0	59	30	-70.595059	-33.431289
37	0	59	31	-70.596489	-33.432402
37	0	59	32	-70.597229	-33.433345
37	0	59	33	-70.5979	-33.432567
37	0	59	34	-70.596191	-33.431071
37	1	60	1	-70.59808	-33.427386
38	0	61	1	-70.608418	-33.420034
38	0	61	2	-70.607328	-33.419911
38	0	61	3	-70.606393	-33.421656
38	0	61	4	-70.606322	-33.423657
38	0	61	5	-70.60617	-33.425449
38	0	61	6	-70.605176	-33.424619
38	0	61	7	-70.605132	-33.424622
38	0	61	8	-70.60087	-33.420159
38	0	61	9	-70.598982	-33.421171
38	0	61	10	-70.60102	-33.422676
38	0	61	11	-70.602623	-33.423499
38	0	61	12	-70.602247	-33.42429
38	0	61	13	-70.601039	-33.426624
38	0	61	14	-70.600602	-33.426257
38	0	61	15	-70.599834	-33.426518
38	0	61	16	-70.600464	-33.428058
38	0	61	17	-70.601394	-33.427543
38	0	61	18	-70.601802	-33.427786
38	0	61	19	-70.602308	-33.4279
38	0	61	20	-70.604287	-33.431565
38	0	61	21	-70.604598	-33.433097
38	0	61	22	-70.604724	-33.433139
38	0	61	23	-70.606906	-33.435217
38	0	61	24	-70.606195	-33.432625
38	0	61	25	-70.60711	-33.429953
38	0	61	26	-70.606394	-33.427582
38	0	61	27	-70.607658	-33.427659
38	0	61	28	-70.609446	-33.426986
38	0	61	29	-70.609164	-33.426582
38	0	61	30	-70.609409	-33.425854
38	0	61	31	-70.609567	-33.42541
38	0	61	32	-70.607991	-33.424673
38	0	61	33	-70.608934	-33.424481
38	0	61	34	-70.609796	-33.422914
38	0	61	35	-70.609539	-33.422696
38	1	62	1	-70.610245	-33.429214
39	0	63	1	-70.629774	-33.442154
39	0	63	2	-70.628695	-33.441226
39	0	63	3	-70.628604	-33.439522
39	0	63	4	-70.62203	-33.44039
39	0	63	5	-70.613366	-33.439971
39	0	63	6	-70.609007	-33.440859
39	0	63	7	-70.611188	-33.437641
39	0	63	8	-70.614459	-33.435226
39	0	63	9	-70.615005	-33.434403
39	0	63	10	-70.612785	-33.434126
39	0	63	11	-70.612812	-33.435035
39	0	63	12	-70.611858	-33.434859
39	0	63	13	-70.611654	-33.433813
39	0	63	14	-70.612125	-33.433022
39	0	63	15	-70.614135	-33.43168
39	0	63	16	-70.614135	-33.43168
39	0	63	17	-70.615285	-33.431098
39	0	63	18	-70.616458	-33.427932
39	0	63	19	-70.616343	-33.425806
39	0	63	20	-70.616065	-33.424836
39	0	63	21	-70.617608	-33.425915
39	0	63	22	-70.617525	-33.426284
39	0	63	23	-70.618729	-33.42751
39	0	63	24	-70.62191	-33.428747
39	0	63	25	-70.623959	-33.429853
39	0	63	26	-70.625597	-33.427863
39	0	63	27	-70.628609	-33.429311
39	1	64	1	-70.629047	-33.436113
39	1	64	2	-70.618914	-33.437117
39	1	64	3	-70.622579	-33.434165
39	1	64	4	-70.621317	-33.431022
39	1	64	5	-70.619278	-33.429029
39	1	64	6	-70.613572	-33.428041
39	1	64	7	-70.61011	-33.430263
39	1	64	8	-70.611506	-33.432918
39	1	64	9	-70.610055	-33.43532
40	0	65	1	-70.708889	-33.561648
40	0	65	2	-70.708889	-33.561648
40	0	65	3	-70.711252	-33.586373
40	0	65	4	-70.707727	-33.595441
40	0	65	5	-70.709326	-33.603423
40	0	65	6	-70.705958	-33.612187
40	0	65	7	-70.71453	-33.620752
40	0	65	8	-70.699994	-33.62574
40	0	65	9	-70.701728	-33.646178
40	0	65	10	-70.688022	-33.643824
40	0	65	11	-70.67861	-33.636563
40	0	65	12	-70.674571	-33.634061
40	0	65	13	-70.681025	-33.629223
40	0	65	14	-70.682735	-33.628306
40	0	65	15	-70.687209	-33.586732
40	0	65	16	-70.696929	-33.550663
40	0	65	17	-70.694677	-33.543512
40	0	65	18	-70.697301	-33.542065
40	1	66	1	-70.717624	-33.544019
40	1	66	2	-70.705662	-33.575345
40	1	66	3	-70.697191	-33.588607
40	1	66	4	-70.697309	-33.594775
40	1	66	5	-70.693496	-33.600353
40	1	66	6	-70.688838	-33.598078
40	1	66	7	-70.686874	-33.609437
40	1	66	8	-70.685986	-33.611615
40	1	66	9	-70.685724	-33.609192
40	1	66	10	-70.670903	-33.599738
40	1	66	11	-70.672685	-33.596365
41	0	67	1	-70.761535	-33.3326
41	0	67	2	-70.764668	-33.327548
41	0	67	3	-70.769278	-33.324741
41	0	67	4	-70.752735	-33.321411
41	0	67	5	-70.753248	-33.320393
41	0	67	6	-70.746242	-33.307038
41	0	67	7	-70.715726	-33.268647
41	0	67	8	-70.712474	-33.253921
41	0	67	9	-70.706804	-33.258914
41	0	67	10	-70.700284	-33.265474
41	0	67	11	-70.699997	-33.265589
41	0	67	12	-70.708763	-33.273491
41	0	67	13	-70.709909	-33.276853
41	0	67	14	-70.717543	-33.279197
41	0	67	15	-70.705309	-33.304511
41	0	67	16	-70.74565	-33.326736
41	1	68	1	-70.847943	-33.307154
41	1	68	2	-70.877891	-33.297744
41	1	68	3	-70.883141	-33.28587
41	1	68	4	-70.878253	-33.284833
41	1	68	5	-70.800618	-33.244628
41	1	68	6	-70.729273	-33.211194
41	1	68	7	-70.731431	-33.218418
41	1	68	8	-70.725211	-33.247824
41	1	68	9	-70.716075	-33.239383
41	1	68	10	-70.691871	-33.235644
42	0	69	1	-70.672944	-33.31823
42	0	69	2	-70.651917	-33.321512
42	0	69	3	-70.641938	-33.325356
42	0	69	4	-70.635627	-33.325053
42	0	69	5	-70.633432	-33.32475
42	0	69	6	-70.643792	-33.319026
42	0	69	7	-70.65359	-33.316177
42	0	69	8	-70.654915	-33.314583
42	0	69	9	-70.652766	-33.313087
42	0	69	10	-70.654706	-33.313002
42	0	69	11	-70.65718	-33.308177
42	0	69	12	-70.658729	-33.306576
42	0	69	13	-70.670651	-33.288067
42	0	69	14	-70.670395	-33.283073
42	0	69	15	-70.677228	-33.27447
42	0	69	16	-70.691264	-33.282626
42	0	69	17	-70.689951	-33.286254
42	0	69	18	-70.681506	-33.288183
42	0	69	19	-70.687371	-33.292862
42	1	70	1	-70.64543	-33.291736
42	1	70	2	-70.643102	-33.289775
42	1	70	3	-70.642949	-33.289427
42	1	70	4	-70.642108	-33.288885
42	1	70	5	-70.6332	-33.291964
42	1	70	6	-70.64203	-33.277797
42	1	70	7	-70.63514	-33.276468
42	1	70	8	-70.619853	-33.266785
43	0	71	1	-70.647958	-33.263526
43	0	71	2	-70.644961	-33.263335
43	0	71	3	-70.643803	-33.261609
43	0	71	4	-70.63956	-33.262905
43	0	71	5	-70.635652	-33.262028
43	0	71	6	-70.633535	-33.262919
43	0	71	7	-70.61817	-33.266196
43	0	71	8	-70.627199	-33.260249
43	0	71	9	-70.628245	-33.25829
43	0	71	10	-70.626112	-33.255038
43	0	71	11	-70.631569	-33.25691
43	0	71	12	-70.633245	-33.255447
43	0	71	13	-70.637803	-33.22872
43	0	71	14	-70.656325	-33.227159
43	0	71	15	-70.659452	-33.230276
43	0	71	16	-70.670545	-33.234902
43	0	71	17	-70.673117	-33.224053
43	0	71	18	-70.667913	-33.219357
43	0	71	19	-70.666077	-33.216114
43	0	71	20	-70.66826	-33.211731
43	0	71	21	-70.650714	-33.199792
43	0	71	22	-70.685897	-33.20308
43	0	71	23	-70.685012	-33.209386
43	0	71	24	-70.686854	-33.221447
43	0	71	25	-70.685686	-33.221587
43	0	71	26	-70.681393	-33.23771
43	0	71	27	-70.690734	-33.241775
43	1	72	1	-70.790744	-33.164231
44	0	73	1	-70.802161	-33.605665
44	0	73	2	-70.784737	-33.61741
44	0	73	3	-70.729221	-33.615611
44	0	73	4	-70.736742	-33.668374
44	0	73	5	-70.813938	-33.638083
44	0	73	6	-70.836633	-33.63856
44	0	73	7	-70.852602	-33.649158
44	0	73	8	-70.874876	-33.664874
44	0	73	9	-70.889686	-33.667058
44	0	73	10	-70.902098	-33.709376
44	0	73	11	-70.894412	-33.710066
44	0	73	12	-70.865181	-33.708441
